"R17_vs_Fing_Difference"	"R17_vs_Fing_Difference"	"Paired_Ttest_uncorrected_P"	"Paired_Ttest_Corrected_P"	"Pass_Selection_0_No_1_Yes"
"f37"	-1.15262367114262	1.15262367114262	0.00029972793432633	0.0129318483433845	1
"f50"	1.10286618536999	1.10286618536999	0.00480033945771065	0.0368753349251409	1
"f163"	1.13097317200142	1.13097317200142	0.000708588718471225	0.0166604998239451	1
"f200"	1.10378392601625	1.10378392601625	0.0083171601967689	0.0492092087959846	1
"f233"	1.13032138801313	1.13032138801313	0.00859842756492538	0.0498900380437392	1
"f244"	1.10245332283336	1.10245332283336	0.00476714542307677	0.0368030065810135	1
"f246"	1.12294972628709	1.12294972628709	0.000193413502493398	0.0116738864004944	1
"f290"	-1.1208171107556	1.1208171107556	0.00800137824867973	0.048282526116456	1
"f293"	1.14087719105276	1.14087719105276	0.0041207915069662	0.0344759289444202	1
"f327"	1.10440283013175	1.10440283013175	0.000809904690754507	0.0172945351834401	1
"f334"	1.15277387564271	1.15277387564271	0.000422487830277625	0.0141832960688271	1
"f355"	-1.14831434036777	1.14831434036777	0.00469519233884245	0.0368030065810135	1
"f384"	1.18921761652353	1.18921761652353	0.000633724106465104	0.0161610416255461	1
"f389"	1.12072023428648	1.12072023428648	0.00124098765746948	0.019521445853611	1
"f433"	1.10722794750743	1.10722794750743	0.0010661133507168	0.0192092659532911	1
"f482"	1.10978083083088	1.10978083083088	0.0012136125203124	0.019521445853611	1
"f498"	1.14445913884211	1.14445913884211	0.000177263416612339	0.0112743345081934	1
"f512"	1.15882491139384	1.15882491139384	0.000107315927200421	0.0105153456667855	1
"f548"	-1.11574305326388	1.11574305326388	8.30020708523514e-05	0.0102808656343948	1
"f647"	-1.14541403579964	1.14541403579964	0.00256840567481325	0.0270179385076316	1
"f689"	-1.105686144752	1.105686144752	2.61889855288868e-05	0.00937049597099141	1
"f707"	1.12640169874437	1.12640169874437	0.000458045048647814	0.0146568977179095	1
"f748"	1.34967161555324	1.34967161555324	0.00011684630227607	0.0105153456667855	1
"f825"	1.15835185151539	1.15835185151539	0.00159978707235972	0.022062358967423	1
"f828"	1.16475904321172	1.16475904321172	0.000635149628312885	0.0161610416255461	1
"f910"	-1.15902733835748	1.15902733835748	0.00021915761914108	0.0123458792116142	1
"f950"	1.14340792951917	1.14340792951917	0.00726176899726375	0.046181452744979	1
"f969"	1.12543386698722	1.12543386698722	9.55955384432315e-05	0.0102808656343948	1
"f1003"	1.12167750087107	1.12167750087107	0.000181979253030719	0.0113262228206891	1
"f1047"	1.10867565457728	1.10867565457728	0.000554601770287578	0.0159359953440572	1
"f1126"	1.17526768665071	1.17526768665071	7.41215248329018e-05	0.0102808656343948	1
"f1175"	-1.16693887188731	1.16693887188731	0.000579109468750374	0.0159359953440572	1
"f1202"	1.11492042866122	1.11492042866122	0.000585406023690637	0.0159359953440572	1
"f1218"	1.1623455697765	1.1623455697765	0.00639490619699773	0.0432295658917046	1
"f1220"	1.11197313196022	1.11197313196022	0.00099067685794685	0.0188970962592437	1
"f1362"	1.11619615678808	1.11619615678808	0.00232522710548734	0.0257078847270236	1
"f1388"	-1.15369389901594	1.15369389901594	0.00115075208057876	0.0193113805884043	1
"f1390"	-1.1350491396225	1.1350491396225	0.00861967170967744	0.0498900380437392	1
"f1404"	1.1188325258481	1.1188325258481	0.000182243923098129	0.0113262228206891	1
"f1482"	-1.12074649564976	1.12074649564976	0.00531315766572198	0.0392513214938942	1
"f1540"	-1.1299701955965	1.1299701955965	0.00155028553639764	0.0216374307927634	1
"f1541"	1.11228984933042	1.11228984933042	0.000953111827077995	0.0183115337877046	1
"f1563"	1.11247408334667	1.11247408334667	7.23388421987466e-06	0.00795044720492351	1
"f1568"	1.11365049822302	1.11365049822302	0.000605722834654387	0.0161610416255461	1
"f1580"	-1.12024499086357	1.12024499086357	0.00179063721624223	0.0229753126552555	1
"f1625"	1.10469313475466	1.10469313475466	0.0012535645104769	0.019521445853611	1
"f1707"	-1.10205701626242	1.10205701626242	0.00198185035735863	0.0239257975811311	1
"f1766"	1.10492793087063	1.10492793087063	0.000685923058462875	0.0165791089913276	1
"f1828"	1.11248207216152	1.11248207216152	0.000203014592753406	0.012129609253903	1
"f1834"	1.30299233337979	1.30299233337979	0.00128514179555935	0.0196424127150738	1
"f1837"	1.12519533507027	1.12519533507027	0.00112445328856043	0.0192494605018687	1
"f1841"	1.10313460659511	1.10313460659511	0.00041727093069135	0.0141832960688271	1
"f1862"	-1.15868584530929	1.15868584530929	9.24215953701294e-05	0.0102808656343948	1
"f1917"	1.10101858758767	1.10101858758767	0.00056564977703565	0.0159359953440572	1
"f2075"	-1.13406654756577	1.13406654756577	1.70617683899596e-05	0.00795044720492351	1
"f2104"	1.10861171774852	1.10861171774852	0.00227265598905767	0.0253944462704815	1
"f2125"	1.11863933069812	1.11863933069812	0.00115247968684814	0.0193113805884043	1
"f2137"	-1.12064997297562	1.12064997297562	0.000173965352057738	0.0112743345081934	1
"f2154"	-1.16266220996522	1.16266220996522	0.0018637587683347	0.0233562142260588	1
"f2182"	-1.14436186922669	1.14436186922669	0.00295076423047458	0.0290896173720952	1
"f2193"	1.10761963596513	1.10761963596513	0.00516650083221165	0.0387890259117097	1
"f2220"	1.17211032444481	1.17211032444481	0.000270124292863679	0.0129318483433845	1
"f2293"	-1.41054026121703	1.41054026121703	0.000277273223717023	0.0129318483433845	1
"f2343"	1.10899677664443	1.10899677664443	0.00535625752686404	0.0394059759713441	1
"f2370"	1.14320710352761	1.14320710352761	0.00382906247951326	0.0332095374872741	1
"f2391"	1.13611891847494	1.13611891847494	0.000830300022524561	0.0176151804482475	1
"f2425"	1.1043660087156	1.1043660087156	0.00085063890628438	0.0179057976180502	1
"f2441"	1.10147907037793	1.10147907037793	0.00579381109785786	0.040895456615548	1
"f2475"	-1.10649181304023	1.10649181304023	0.00284150542946379	0.0282954623152833	1
"f2564"	-1.10524184193009	1.10524184193009	0.00667973256060924	0.0445555425825214	1
"f2578"	-1.13223813264979	1.13223813264979	0.00123162357694711	0.019521445853611	1
"f2589"	1.12256589339273	1.12256589339273	0.000136722930519291	0.0105153456667855	1
"f2607"	-1.11158584248713	1.11158584248713	0.00378710000302217	0.0330929933645511	1
"f2614"	-1.10802211551873	1.10802211551873	1.57522587275046e-05	0.00795044720492351	1
"f2652"	-1.15462141445274	1.15462141445274	0.00189582834480663	0.023415928771057	1
"f2672"	-1.18091574429067	1.18091574429067	5.65998719679334e-05	0.0102808656343948	1
"f2797"	1.13463739706712	1.13463739706712	0.000258702769516836	0.0129318483433845	1
"f2814"	-1.11449351657854	1.11449351657854	0.00124992821726116	0.019521445853611	1
"f2864"	1.1275771606947	1.1275771606947	0.00722181415096766	0.0461813670760569	1
"f2875"	-1.15902406040258	1.15902406040258	0.00700867959723461	0.0456567619137034	1
"f2877"	1.12091661033418	1.12091661033418	0.000316566173570614	0.0129318483433845	1
"f2887"	1.12661059188208	1.12661059188208	0.00159646419131197	0.022062358967423	1
"f2929"	-1.13283293124634	1.13283293124634	0.00111126493317823	0.0192494605018687	1
"f2930"	1.12626525621343	1.12626525621343	0.00206413813639126	0.0245695533470867	1
"f2977"	-1.22987731825361	1.22987731825361	0.00576402335638011	0.0407778075862695	1
"f2978"	1.10481262454743	1.10481262454743	0.000392969409597437	0.013918647052508	1
"f3014"	1.10584137352837	1.10584137352837	0.00138145799176154	0.0204283100531737	1
"f3018"	1.14913915484741	1.14913915484741	0.000509717498170503	0.0153553301338374	1
"f3019"	-1.10183718846708	1.10183718846708	0.0077123544575887	0.0475193506423304	1
"f3053"	1.11357890964109	1.11357890964109	0.00108882337870148	0.0192116695404258	1
"f3080"	1.13434030049188	1.13434030049188	0.00143050170889238	0.0207897238528218	1
"f3104"	-1.10091417365085	1.10091417365085	0.00225546120807073	0.0253944462704815	1
"f3137"	1.15040732515292	1.15040732515292	0.0018392031664444	0.0232604275732519	1
"f3205"	1.10310182728103	1.10310182728103	0.00191326686759893	0.0235280114799328	1
"f3239"	1.10111867871077	1.10111867871077	0.00116368884151208	0.0193580873897869	1
"f3240"	-1.10894526352507	1.10894526352507	0.00101120156649737	0.0188970962592437	1
"f3241"	-1.22558298760694	1.22558298760694	0.00242032314135043	0.0260826863061563	1
"f3248"	1.10813611803188	1.10813611803188	0.000689759208326338	0.0165850638912613	1
"f3251"	1.11396031621417	1.11396031621417	0.00167977599561214	0.0223847293279774	1
"f3283"	1.15075921030322	1.15075921030322	7.91219691054424e-06	0.00795044720492351	1
"f3300"	1.11384662267212	1.11384662267212	0.00470733794777477	0.0368030065810135	1
"f3314"	1.15951451727355	1.15951451727355	1.21434427606828e-05	0.00795044720492351	1
"f3348"	1.2512235929511	1.2512235929511	0.00336770946606451	0.0312715878991705	1
"f3355"	-1.18023332451228	1.18023332451228	0.00136338124346781	0.0202935052617726	1
"f3384"	1.10846402511064	1.10846402511064	0.00677338677855192	0.0447149361552842	1
"f3413"	1.11374638768749	1.11374638768749	0.00314668512760767	0.0303632015168016	1
"f3506"	1.10007874552863	1.10007874552863	2.27612991747243e-05	0.0089755389745663	1
"f3527"	1.11684662325575	1.11684662325575	0.000338422508452916	0.0133340733295847	1
"f3549"	1.17000211517109	1.17000211517109	0.000279206898136478	0.0129318483433845	1
"f3581"	-1.11770357399981	1.11770357399981	6.34807442864126e-05	0.0102808656343948	1
"f3611"	1.15722004254773	1.15722004254773	0.000258218909554979	0.0129318483433845	1
"f3672"	1.16442185470491	1.16442185470491	0.00254792466002783	0.0269124542215439	1
"f3768"	-1.10155644838153	1.10155644838153	0.00815981284074138	0.0489106693426214	1
"f3775"	1.10730386094887	1.10730386094887	0.000709438365595856	0.0166604998239451	1
"f3889"	-1.42859723955152	1.42859723955152	0.000382023291692799	0.013870105599764	1
"f3900"	1.25390218548049	1.25390218548049	0.000193191064336608	0.0116738864004944	1
"f3913"	1.11861618733054	1.11861618733054	0.0006797872531454	0.0165791089913276	1
"f4029"	1.11875713832512	1.11875713832512	0.00166229256325445	0.0223847293279774	1
"f4042"	1.11322863441	1.11322863441	0.00106370208631365	0.0192092659532911	1
"f4092"	-1.12589199071322	1.12589199071322	0.00330930001839247	0.0310214098396061	1
"f4108"	1.22936497912033	1.22936497912033	0.000321383213267543	0.0129318483433845	1
"f4161"	1.11081517260964	1.11081517260964	1.54436694691765e-05	0.00795044720492351	1
"f4202"	1.19139286663472	1.19139286663472	5.43889264508657e-05	0.0102808656343948	1
"f4278"	-1.13282633994244	1.13282633994244	0.00118367120686482	0.019470629855088	1
"f4298"	1.13590065564219	1.13590065564219	0.00208777939133187	0.0246491319355848	1
"f4303"	-1.16867978672114	1.16867978672114	0.000830876643290117	0.0176151804482475	1
"f4386"	1.10643852969546	1.10643852969546	0.00343170413019639	0.0314218729568292	1
"f4436"	-1.11719162243893	1.11719162243893	0.00685705450996426	0.0448666785690693	1
"f4452"	1.12218614333169	1.12218614333169	0.000162180926886297	0.0112743345081934	1
"f4483"	-1.11957029457893	1.11957029457893	0.00126559137728392	0.0195456214011341	1
"f4507"	1.10960265950914	1.10960265950914	0.000910568600190601	0.0181371930829636	1
"f4516"	1.1210064848539	1.1210064848539	0.00398132991384985	0.0338355839661234	1
"f4533"	-1.11230544075793	1.11230544075793	0.00315530737762776	0.0303762173675389	1
"f4542"	1.10725786078532	1.10725786078532	0.00479352715931039	0.0368753349251409	1
"f4553"	1.13365793574065	1.13365793574065	0.00300493547941983	0.0294762255801232	1
"f4566"	1.16004669837447	1.16004669837447	0.00414185192202706	0.0345543781647251	1
"f4665"	-1.16678031146993	1.16678031146993	1.60250328162499e-05	0.00795044720492351	1
"f4666"	-1.16046141630118	1.16046141630118	0.00283138590388516	0.0282954623152833	1
"f4694"	1.1687249687556	1.1687249687556	0.00123610902032944	0.019521445853611	1
"f4797"	1.10614394598547	1.10614394598547	0.00252167992411626	0.0267484930007732	1
"f4856"	1.15445408233614	1.15445408233614	0.00436622697597897	0.0356544918182837	1
"f4896"	-1.13112932399353	1.13112932399353	9.25916577006893e-05	0.0102808656343948	1
"f4938"	1.11953654016387	1.11953654016387	0.00586763204226549	0.0411493594249701	1
"f4960"	1.32791158682659	1.32791158682659	0.000720711928763856	0.0166604998239451	1
"f4978"	1.27840158374327	1.27840158374327	0.000130947741982549	0.0105153456667855	1
"f4996"	-1.11088748677489	1.11088748677489	0.00621647374916793	0.0425091817645414	1
"f5014"	-1.10939508589988	1.10939508589988	0.000734461131175859	0.0166604998239451	1
"f5024"	1.16751378340352	1.16751378340352	0.000142219383489914	0.0105153456667855	1
"f5034"	-1.15433298232393	1.15433298232393	0.0084809936349547	0.0495213004449724	1
"f5129"	1.11600363010978	1.11600363010978	0.00254290281731496	0.0269074600436815	1
"f5148"	1.32173996089192	1.32173996089192	0.00172149094128858	0.0225057528615885	1
"f5196"	-1.10956547703595	1.10956547703595	0.00755070569856266	0.0469897722130149	1
"f5212"	1.16140164673994	1.16140164673994	0.00055207090539833	0.0159359953440572	1
"f5262"	-1.10761787730566	1.10761787730566	0.00241506906988611	0.0260826863061563	1
"f5372"	-1.11021183094415	1.11021183094415	0.00202507594337175	0.024247619848267	1
"f5480"	1.1001294504541	1.1001294504541	0.00534363150776895	0.0394059759713441	1
"f5535"	1.12877660656483	1.12877660656483	8.40651433967417e-05	0.0102808656343948	1
"f5549"	1.10853064775475	1.10853064775475	0.00473221312776896	0.0368030065810135	1
"f5551"	1.1977513297952	1.1977513297952	0.00237717730429379	0.025944351749894	1
"f5579"	1.26226318106684	1.26226318106684	4.84079568690088e-05	0.0102808656343948	1
"f5592"	1.30042021818303	1.30042021818303	0.000568281853617388	0.0159359953440572	1
"f5602"	1.19557484954688	1.19557484954688	0.000912175428552354	0.0181371930829636	1
"f5609"	1.11816127582846	1.11816127582846	0.00198201873453157	0.0239257975811311	1
"f5659"	1.18542801226332	1.18542801226332	0.00332005100900702	0.0310238573748444	1
"f5681"	-1.2247646916864	1.2247646916864	0.00138850126719208	0.0204303109339332	1
"f5729"	1.1093206261247	1.1093206261247	0.00441910205344403	0.0359545923605522	1
"f5737"	1.10532399713723	1.10532399713723	0.00856267273072169	0.049850599608483	1
"f5738"	-1.12363534263753	1.12363534263753	0.000140648994854655	0.0105153456667855	1
"f5769"	1.12923353059993	1.12923353059993	0.00416283972921035	0.0346805591525059	1
"f5795"	1.15332852781066	1.15332852781066	0.0064768867833183	0.043584511175572	1
"f5801"	-1.13697854193249	1.13697854193249	0.00362414759976648	0.0323410050439247	1
"f5854"	-1.17993645991635	1.17993645991635	0.00370166859599319	0.0328759305484981	1
"f5882"	-1.15290394101244	1.15290394101244	0.00132045272777772	0.0200268663712954	1
"f5974"	-1.11755357922184	1.11755357922184	0.00281509327776752	0.0282954623152833	1
"f5989"	-1.10658668057619	1.10658668057619	0.00142043969365056	0.0207454340443039	1
"f6035"	-1.10911508900291	1.10911508900291	0.00574657447161277	0.0407778075862695	1
"f6063"	1.19928191869574	1.19928191869574	0.00333367955940118	0.0311020734918896	1
"f6089"	-1.10870493207726	1.10870493207726	0.00465013319705823	0.0368030065810135	1
"f6105"	1.14769247181882	1.14769247181882	0.00419494558182979	0.034836396765606	1
"f6120"	1.26568022154425	1.26568022154425	0.00488524765539447	0.037326317777197	1
"f6167"	-1.12366186970153	1.12366186970153	0.0018943699187631	0.023415928771057	1
"f6189"	1.1445926868447	1.1445926868447	0.00076097263537758	0.0168582514541513	1
"f6245"	1.1923353425618	1.1923353425618	0.00455520538938069	0.0364464734953261	1
"f6344"	1.22439824684711	1.22439824684711	0.0024146320996004	0.0260826863061563	1
"f6409"	1.1307221267775	1.1307221267775	0.00410419020354422	0.0344344468850554	1
"f6473"	-1.10309722751933	1.10309722751933	0.00212170643553625	0.0248471666761573	1
"f6550"	1.13641727144048	1.13641727144048	0.00485211385830201	0.0371756683608782	1
"f6590"	1.22304523388625	1.22304523388625	0.00780731378713748	0.0476969143217822	1
"f6624"	-1.10689505413631	1.10689505413631	0.00289636341951736	0.0286968000442968	1
"f6633"	1.10719891998208	1.10719891998208	0.000630936565993786	0.0161610416255461	1
"f6875"	1.18569881020356	1.18569881020356	0.00719871514057654	0.0461813670760569	1
"f6946"	1.14396256809905	1.14396256809905	0.000428424098651954	0.0141832960688271	1
"f7014"	-1.34026352794945	1.34026352794945	0.00219299650855394	0.0250900857796838	1
"f7031"	-1.16960249442955	1.16960249442955	0.00636598499648467	0.0431821115300537	1
