"R17_vs_GFP_Difference"	"R17_vs_GFP_Difference"	"Paired_Ttest_uncorrected_P"	"Paired_Ttest_Corrected_P"	"Pass_Selection_0_No_1_Yes"
"mp69"	1.85967831530287	1.85967831530287	1.22751518248516e-06	7.40946621195115e-05	1
"mp120"	1.56248609216772	1.56248609216772	1.49673807696771e-06	8.22618986223626e-05	1
"mp122"	-2.33013932247028	2.33013932247028	3.18076783697088e-08	2.54734064200839e-05	1
"mp133"	-1.66319184372123	1.66319184372123	4.51632992697896e-08	2.98674834872391e-05	1
"mp138"	1.50230837209296	1.50230837209296	1.36605848191946e-05	0.000232064359080015	1
"mp172"	1.64912267762183	1.64912267762183	8.42832345112463e-08	3.41574754350134e-05	1
"mp191"	-1.7985513571101	1.7985513571101	1.46789153571906e-05	0.000236944768799418	1
"mp196"	-1.96135522758934	1.96135522758934	6.10051713286616e-08	3.10904536789524e-05	1
"mp214"	1.52657177128605	1.52657177128605	3.91244598549036e-07	5.20734353391286e-05	1
"mp307"	-2.41769247984365	2.41769247984365	7.27173866943289e-09	2.54734064200839e-05	1
"mp367"	1.77581275333499	1.77581275333499	5.90753958047535e-05	0.00053849864858772	1
"mp377"	-1.52361846812133	1.52361846812133	4.65954381841895e-06	0.000137199985586991	1
"mp382"	-1.57995164878669	1.57995164878669	6.7524309126366e-06	0.000163870682667709	1
"mp467"	-1.84239854347669	1.84239854347669	5.42753407172614e-07	5.22903479304462e-05	1
"mp468"	1.81208625596706	1.81208625596706	3.08445496435729e-07	5.02961069458256e-05	1
"mp472"	1.68387044517783	1.68387044517783	2.75530798023203e-06	0.000106135273233903	1
"mp504"	-1.93352831498685	1.93352831498685	1.00646915178291e-08	2.54734064200839e-05	1
"mp594"	1.7107283775767	1.7107283775767	5.89977976695811e-07	5.49479661901432e-05	1
"mp627"	-2.10265251656465	2.10265251656465	1.71393672505052e-07	4.22964898486495e-05	1
"mp657"	-1.62648348846063	1.62648348846063	2.52956372068571e-07	4.88990835109106e-05	1
"mp692"	-1.51593633310391	1.51593633310391	0.000303530430780243	0.00158392347184803	1
"mp722"	1.62579438355286	1.62579438355286	6.82303057438855e-06	0.000164162701287649	1
"mp740"	-1.88496093354203	1.88496093354203	1.38689775436215e-05	0.000232770981526149	1
"mp746"	1.59286338144849	1.59286338144849	1.95695148076872e-06	9.14222500099121e-05	1
"mp770"	-1.52382423159159	1.52382423159159	1.39303816163653e-07	4.08827928297267e-05	1
"mp809"	-2.62735605330589	2.62735605330589	2.54117749994218e-05	0.000319413476786455	1
"mp813"	-1.51510582569296	1.51510582569296	6.21125102692628e-07	5.59506388532169e-05	1
"mp897"	2.973007771854	2.973007771854	2.01116561504397e-05	0.000283867661895921	1
"mp1051"	1.58999906984947	1.58999906984947	9.7608893179618e-06	0.000191971148802186	1
"mp1194"	1.52800880304651	1.52800880304651	6.28771003880247e-07	5.59506388532169e-05	1
"mp1252"	3.51357740590286	3.51357740590286	1.85757016337755e-08	2.54734064200839e-05	1
"mp1261"	-1.5513698265249	1.5513698265249	3.70373975958202e-07	5.20734353391286e-05	1
"mp1272"	-1.77064409995757	1.77064409995757	3.04426459932967e-06	0.000113688783801116	1
"mp1310"	1.72976541500393	1.72976541500393	2.86318883378533e-08	2.54734064200839e-05	1
"mp1342"	-1.80946624518536	1.80946624518536	1.24240068484375e-06	7.40946621195115e-05	1
"mp1345"	-1.82863070487126	1.82863070487126	4.79499378139764e-08	2.98674834872391e-05	1
"mp1402"	1.57340976709788	1.57340976709788	8.24598873382855e-05	0.000663652612221317	1
"mp1474"	-1.55019405776261	1.55019405776261	0.000189653162828615	0.00115372512799038	1
"mp1488"	-1.59986940221507	1.59986940221507	2.38943196459232e-05	0.000309021269110787	1
"mp1572"	1.51311459803566	1.51311459803566	2.56643359054642e-06	0.000104936661921573	1
"mp1577"	-1.79904272629789	1.79904272629789	1.74225714317936e-05	0.000261842535621136	1
"mp1606"	-1.54200398478169	1.54200398478169	8.78733692116623e-05	0.000690908987097586	1
"mp1663"	-1.70397127121334	1.70397127121334	3.16022871616261e-06	0.000113688783801116	1
"mp1715"	1.62699709158248	1.62699709158248	4.7373264400563e-07	5.20734353391286e-05	1
"mp1734"	1.53260922817914	1.53260922817914	2.50760411187622e-05	0.000318262252672748	1
"mp1752"	-1.55148421076949	1.55148421076949	3.12097765310488e-06	0.000113688783801116	1
"mp1761"	-1.69199801734007	1.69199801734007	8.47448652757137e-07	6.44445141298732e-05	1
"mp1764"	1.65137816621495	1.65137816621495	0.00114607862848197	0.00401873092223916	1
"mp1779"	-1.59080590476489	1.59080590476489	9.58961046268439e-07	6.76894144278273e-05	1
"mp1811"	-1.86702674695645	1.86702674695645	1.21588142837508e-06	7.40946621195115e-05	1
"mp1871"	1.58401951849237	1.58401951849237	2.60274881553411e-06	0.000104936661921573	1
"mp1888"	-1.59379670940263	1.59379670940263	4.49044962100317e-07	5.20734353391286e-05	1
"mp1920"	-1.66314785810703	1.66314785810703	2.74953087589183e-06	0.000106135273233903	1
"mp1924"	-1.59382165439764	1.59382165439764	0.000113056159558538	0.000819317016924128	1
"mp2015"	-1.52151983648396	1.52151983648396	5.50326530127778e-07	5.22903479304462e-05	1
"mp2072"	-4.63755078336312	4.63755078336312	4.66823402912935e-07	5.20734353391286e-05	1
"mp2158"	-1.68554883473105	1.68554883473105	2.70184768109776e-06	0.000105919986714924	1
"mp2160"	1.64133220545575	1.64133220545575	6.02128849133154e-06	0.00015627473741854	1
"mp2194"	-2.57553639687446	2.57553639687446	3.6883830139509e-07	5.20734353391286e-05	1
"mp2200"	-1.5520019624236	1.5520019624236	6.93920555811674e-06	0.000165536963228947	1
"mp2203"	1.80126186993801	1.80126186993801	1.92635767214792e-06	9.07492530257246e-05	1
"mp2262"	-2.52217107571081	2.52217107571081	2.18362098493473e-07	4.53384416353486e-05	1
"mp2298"	-1.52884521260343	1.52884521260343	2.63363456013816e-05	0.000327364863506309	1
"mp2315"	2.03868254628501	2.03868254628501	0.000141833481115612	0.000952237718723496	1
"mp2365"	-1.59056415742965	1.59056415742965	3.97975850609611e-05	0.000425773400480435	1
"mp2372"	1.59400675507375	1.59400675507375	3.26712754141329e-06	0.00011592099365293	1
"mp2379"	-1.88001965415548	1.88001965415548	9.24971678248937e-05	0.000715138294483166	1
"mp2395"	-3.15119058022244	3.15119058022244	9.1172299573272e-07	6.60099080335957e-05	1
"mp2414"	-2.30058748700413	2.30058748700413	8.23054702313549e-06	0.000178148442516207	1
"mp2438"	-1.58310915053502	1.58310915053502	9.73711689077276e-06	0.000191971148802186	1
"mp2444"	1.56289006711669	1.56289006711669	0.00220970212474641	0.00659265040517743	1
"mp2486"	1.74345513280596	1.74345513280596	3.34616700816712e-06	0.000116074416102014	1
"mp2490"	-5.45693469330332	5.45693469330332	9.01582754535837e-07	6.60099080335957e-05	1
"mp2509"	-1.54462238731003	1.54462238731003	7.39596622908917e-07	6.02177403963726e-05	1
"mp2513"	-1.73064077043665	1.73064077043665	1.88571308272062e-05	0.000271599182822934	1
"mp2553"	1.58362769816373	1.58362769816373	0.0040836071865964	0.0106161268001293	1
"mp2596"	-1.8679698985455	1.8679698985455	1.26611161512261e-05	0.000221806928574293	1
"mp2696"	-1.58749180518423	1.58749180518423	0.000433819525449532	0.00201825083790048	1
"mp2718"	1.53867234211351	1.53867234211351	0.000164611554506419	0.0010534387837477	1
"mp2747"	1.56021565190022	1.56021565190022	0.00715572100017162	0.0165559108241692	1
"mp2773"	1.81243327342822	1.81243327342822	1.82476063870846e-05	0.000267199002490321	1
"mp2784"	-1.57580550772599	1.57580550772599	2.32937656243172e-05	0.000307258470799817	1
"mp2836"	-1.56231743851231	1.56231743851231	0.000452980767541948	0.00207807707270062	1
"mp2873"	1.57488494252463	1.57488494252463	0.000293851587376187	0.00156739486092379	1
"mp2879"	-1.7433673749832	1.7433673749832	9.50096883197828e-06	0.000191971148802186	1
"mp2961"	3.12462475322447	3.12462475322447	1.22004608525677e-06	7.40946621195115e-05	1
"mp2975"	-1.53111459943047	1.53111459943047	5.43779345934674e-08	3.04842701330978e-05	1
"mp3048"	-1.56256696722508	1.56256696722508	0.000439996635884283	0.00204021599732613	1
"mp3064"	-2.67099491528988	2.67099491528988	2.62060875294689e-06	0.000104936661921573	1
"mp3106"	-3.13098086520678	3.13098086520678	1.43202214689286e-08	2.54734064200839e-05	1
"mp3173"	-1.82774638578814	1.82774638578814	1.6015725291804e-06	8.53038410841244e-05	1
"mp3189"	-1.90143936134104	1.90143936134104	9.38415020050933e-06	0.00019078276950124	1
"mp3227"	1.64157065789404	1.64157065789404	0.000113241867465313	0.000819317016924128	1
"mp3247"	-1.52320446296878	1.52320446296878	1.25249988685498e-05	0.000221498875889874	1
"mp3449"	-1.63917883650776	1.63917883650776	1.40210245961873e-05	0.000232770981526149	1
"mp3460"	1.59245674618629	1.59245674618629	1.24187252690137e-05	0.000220614827083363	1
"mp3558"	1.52042352813592	1.52042352813592	0.000825448830274697	0.00315437364861619	1
"mp3576"	1.6832937268949	1.6832937268949	1.13514293167698e-05	0.000208642992622332	1
"mp3587"	1.79452554044393	1.79452554044393	1.93241361144817e-07	4.33324428231137e-05	1
"mp3666"	1.72449764072835	1.72449764072835	5.20192691334243e-05	0.000501927750020613	1
"mp3733"	-1.82232092431	1.82232092431	7.51720939147893e-05	0.000630860416895672	1
"mp3764"	-1.92152855908909	1.92152855908909	0.000134531923829978	0.000920861984115821	1
"mp3765"	1.99365564322285	1.99365564322285	1.0376950835565e-05	0.000198543298239514	1
"mp3795"	-1.50136891778065	1.50136891778065	0.000291240850929965	0.0015594042123337	1
"mp3876"	2.83379492834438	2.83379492834438	6.50342508873585e-06	0.000160608815187018	1
"mp3881"	-1.57621385805184	1.57621385805184	1.69772258065162e-05	0.000259304944513602	1
"mp3899"	-1.59143674357298	1.59143674357298	0.000190168304143161	0.00115435873637528	1
"mp3952"	-1.91709307710326	1.91709307710326	8.96069308814556e-05	0.000699632945015933	1
"mp3975"	-1.53176918903675	1.53176918903675	0.00281723786750461	0.0079966761950536	1
"mp3983"	1.72200528208908	1.72200528208908	0.000386713325344262	0.0018656754749397	1
"mp4007"	-1.58764507370513	1.58764507370513	2.34528611889473e-05	0.000307541615167371	1
"mp4010"	-1.56631650493871	1.56631650493871	8.14824170483143e-05	0.0006602821333106	1
"mp4031"	-1.81676765670331	1.81676765670331	1.49684599123731e-05	0.000238389733718079	1
"mp4059"	-1.52486984772262	1.52486984772262	9.70581424716353e-06	0.000191971148802186	1
"mp4070"	-1.73296497046144	1.73296497046144	5.26634032246655e-06	0.000144409811566749	1
"mp4086"	-1.60474995454402	1.60474995454402	6.65350092196364e-05	0.000583717154437061	1
"mp4116"	1.73603656709937	1.73603656709937	4.16937727533818e-06	0.000131311960705314	1
"mp4170"	2.00605917715269	2.00605917715269	1.71060103844718e-05	0.000259304944513602	1
"mp4191"	-1.64476331841051	1.64476331841051	0.00033345003679273	0.00168407288852256	1
"mp4241"	1.50041666132707	1.50041666132707	0.000299466087665743	0.00157772977979716	1
"mp4262"	1.80387385531346	1.80387385531346	0.00059956155885803	0.00250113383386508	1
"mp4346"	2.14723464946566	2.14723464946566	7.60640367573209e-06	0.000172637647798195	1
"mp4388"	-1.63636683096181	1.63636683096181	0.00204366452644854	0.00621975208212296	1
"mp4434"	1.95222116746281	1.95222116746281	3.80291024496764e-05	0.00041648032405402	1
"mp4448"	1.67009100270935	1.67009100270935	6.6260847404557e-05	0.000582223057288317	1
"mp4459"	-1.95383119073263	1.95383119073263	3.17436869800069e-05	0.000364662109036718	1
"mp4480"	3.92933540004499	3.92933540004499	4.86301911538412e-07	5.22903479304462e-05	1
"mp4499"	1.98346231209937	1.98346231209937	8.36934121556408e-05	0.000670192214583841	1
"mp4522"	1.52430257848207	1.52430257848207	0.00023524429620593	0.0013415864949445	1
"mp4524"	-1.54076676287408	1.54076676287408	0.000517995805056716	0.00226688874562682	1
"mp4597"	1.55062257284106	1.55062257284106	0.000103811441673783	0.000770817141752622	1
"mp4610"	-1.98677915286658	1.98677915286658	0.000168084528368274	0.00107090765234376	1
"mp4619"	-1.57654673048866	1.57654673048866	4.95145160579411e-05	0.000493911702884017	1
"mp4649"	-1.57314250754826	1.57314250754826	0.00200970237701062	0.00611971294161954	1
"mp4667"	1.54710237870729	1.54710237870729	0.00171533186004949	0.00539929837587729	1
"mp4770"	1.57542540649493	1.57542540649493	5.80745204866218e-06	0.00015356875558868	1
"mp4795"	-1.85384636682822	1.85384636682822	0.000237863548815211	0.00135102639782986	1
"mp4807"	1.84704735512979	1.84704735512979	4.67449112506515e-06	0.000137199985586991	1
"mp4892"	2.63368235249545	2.63368235249545	6.05065883641524e-05	0.000546215675313106	1
"mp4957"	1.68968073767992	1.68968073767992	2.30870360584504e-06	0.000101910176491081	1
"mp4968"	-1.71936104290187	1.71936104290187	0.000194172035473607	0.00116794896015562	1
"mp4973"	1.96911634973698	1.96911634973698	0.000295581183297171	0.00157362593880716	1
"mp5026"	-1.50950721382916	1.50950721382916	4.98403913736843e-05	0.000494522538125441	1
"mp5039"	2.05290058830924	2.05290058830924	3.90839204810013e-06	0.000126649975847684	1
"mp5041"	1.63133200282092	1.63133200282092	4.89266114828562e-06	0.00013993352250824	1
"mp5042"	-1.88875516340407	1.88875516340407	5.19084231390591e-05	0.000501927750020613	1
"mp5166"	1.66747890038172	1.66747890038172	0.00232416246047588	0.00686111361423264	1
"mp5175"	2.30151943963215	2.30151943963215	2.24141174301742e-06	0.000101910176491081	1
"mp5227"	-1.52518950542258	1.52518950542258	2.56282788808887e-06	0.000104936661921573	1
"mp5425"	-1.70457308726044	1.70457308726044	1.64426822227219e-05	0.000254716178113767	1
"mp5544"	-1.52825572351577	1.52825572351577	7.74370087247221e-05	0.000639340016068914	1
"mp5639"	1.78802090138533	1.78802090138533	0.000413783784623341	0.00195258577154752	1
"mp5651"	-2.11386328854963	2.11386328854963	5.3449783027728e-05	0.000507863531616006	1
"mp5775"	1.53668687722448	1.53668687722448	0.00047502090957127	0.00215118306963247	1
"mp5787"	1.72333373280588	1.72333373280588	3.60235188867592e-05	0.000401486773119627	1
"mp5900"	-1.64020621179156	1.64020621179156	3.497103992316e-05	0.000393669979536617	1
"mp6011"	-1.77927115296953	1.77927115296953	0.00020363508810314	0.00121186656465627	1
"mp6059"	1.51034416899196	1.51034416899196	3.01826455287122e-05	0.000352535748369917	1
"mp6074"	1.59162066036604	1.59162066036604	0.000406294569436948	0.00192494737930922	1
"mp6077"	-1.56250845196776	1.56250845196776	0.000993397908502987	0.00360452341428333	1
"mp6188"	-1.61801837608224	1.61801837608224	0.00115055444993353	0.00402873719320887	1
"mp6192"	1.57864266233231	1.57864266233231	1.55608089603677e-05	0.000246470656618191	1
"mp6241"	1.53958515402389	1.53958515402389	8.2512641940467e-05	0.000663652612221317	1
