"GFP1"	"GFP2"	"GFP3"	"GFP4"	"GFP5"	"R17_1"	"R17_2"	"R17_3"	"R17_4"	"R17_5"	"Fing1"	"Fing2"	"Fing3"	"Fing4"	"Fing5"
"f41"	2582.4	2228.1	2248.8	2586.6	2685.2	2216.5	2281	2842.1	2832.5	2801.9	3597.6	3487.5	2984.7	3791.1	3754.4
"f92"	140.7	120.4	117.5	143.6	146.9	69.6	82.1	87.1	85.7	96.3	69	68.9	65	64.8	79
"f267"	253.8	218.4	210.4	226.6	272.6	227.7	250.9	319.1	322.8	302.6	419.1	406.7	358.7	441.3	420.7
"f519"	154.6	137.9	159.1	176.3	164.5	191	198.5	278.3	256.3	263.8	391.8	347.2	333.1	414.4	377.5
"f523"	387.4	295.8	280.2	301.2	359.1	213	249.1	302	304.3	317.8	346.4	383	331.9	426	406.1
"f965"	2408.6	2039.1	1974.5	2254	2549.8	2073.2	2174.9	2635.6	2755.6	2674.5	3386.6	3304.9	2926.1	3773.5	3639.1
"f1013"	492.1	427.9	429.8	436.9	524.4	456.4	514.5	633.5	639.9	593	910.4	987	902.8	1092.2	972.3
"f1075"	201.7	168.9	180.5	199.6	205.5	283	290.3	316.2	374.4	312.4	477.6	476.6	419.1	543.3	460.8
"f1092"	2739.6	2392.1	2126.7	2523.3	2810.5	1521.7	1616.7	1812.4	1895.1	1959.3	1420.5	1248.9	1132.7	1452.8	1432.2
"f1473"	2906.1	2566.2	2341.6	2541.5	3036.9	2003.9	2156.2	2665.1	2359.1	2528.4	1731.8	1646.4	1741.1	2253.7	2009.7
"f1769"	555	562.7	452.3	621.3	575.3	293.1	315.9	395.2	389.7	351.5	276.9	255.3	294	340.7	313.7
"f1808"	1497.6	1350.3	1296.9	1504.1	1523.8	903.2	1016.5	1075	1082.4	1051	783.4	731.3	659.7	861.1	808.9
"f1874"	2780.1	2451.1	2170.1	2562.8	2560.4	967.6	1107.5	1125	1260.6	1502.9	1546	1685.2	1414.5	1830	1922.9
"f1878"	491.5	536.4	398.1	576.3	538.7	311.5	337.4	366.6	392.2	347.5	281.1	281.7	264.7	351.1	321.4
"f2085"	116.9	100	118.1	120.6	119.5	98	100	124.2	117.6	126.2	149.4	159.4	142.7	193.3	185.3
"f2184"	570.3	592.7	476.3	602	609.1	408.3	418	445.4	502.3	423	254.5	227.6	232.3	262.8	273.4
"f2443"	100.5	89.6	91.9	88.7	89.6	65	66	81.7	79.9	83.4	63	64.5	53.5	65.2	58.2
"f2449"	216.5	192	209.9	210.6	226.8	201.3	239.5	319	302.3	315.9	376.1	426.2	382.5	489.9	439.1
"f2471"	3716.8	3043.3	2824.3	3071.7	3974.3	1683.7	1809.8	2131.1	1987	2416	1381.7	1602.9	1521.4	1903.1	1875.2
"f2522"	654.4	626.7	591.4	643	710.7	331.4	345	463.9	408.9	432.6	309.4	330.2	328.7	370.1	340
"f2524"	462.3	432.9	405.5	452.1	490.3	306.8	368.4	417.6	450.7	449.5	302.5	311.4	328.8	368.4	363.8
"f2626"	556.9	519.6	492.2	566.3	558.9	336.5	385.4	407.7	421.5	417.3	295	276.4	282.2	317.8	321.2
"f2634"	501	428.2	489.7	511.2	510.7	377.1	401.4	551.6	434.6	490.9	373.8	355.2	341.1	411.2	392.6
"f2646"	158.3	139	147	157.5	166.2	166.2	165.2	191.1	197.9	199.5	255.4	253.7	241.1	293.9	268.7
"f2686"	272.6	248.4	241.6	262.9	284.1	157.7	167	209.6	251.3	241.3	154.1	160	139.8	174.1	172.3
"f2712"	285.2	300.2	259.6	319.4	300.2	155.7	165.1	186.2	201.2	205.4	247.7	258.8	243.6	310	305.1
"f2720"	622.9	522.8	532	558	630.9	599.5	590.7	730.8	812	748.8	1023	946.7	890.8	1095.7	1042.6
"f2746"	1124.1	1082.8	1027.9	1122.6	1237.3	808.8	800.5	987.4	956.9	1044.1	633.7	742.3	700.1	870.5	824.8
"f2873"	13107.3	11006.7	10499.8	11336.8	12850.1	4427.5	4600.6	5318.5	4619.1	5983.5	3559	3619	3503	4308.5	4236.9
"f2893"	123.8	126.6	127.3	125.8	147.3	152.3	156.8	191.4	217.5	228.1	295.7	283.5	224	314.9	307.6
"f3010"	859.5	765.8	676.9	812.7	906.5	517.6	520.7	604.3	618.6	630.9	468.6	382.6	370.4	449.6	439.1
"f3185"	9215.8	8001.9	7429.8	8738.1	9081.6	4238.7	4723.8	5137.3	5132.3	5729.2	3394.1	2943.7	2762.7	3373.3	3272.4
"f3207"	3506.8	2909.1	2843.1	3200	3276.9	1531.5	1682.3	1964.9	1904.8	2208.7	1546	1465.3	1311.5	1648.8	1638.3
"f3220"	2198.4	1935.3	1823.6	2080.3	2297.7	1274.7	1391.7	1614.8	1610.8	1654.4	1233.8	1160.8	1045.1	1290.8	1248.1
"f3225"	156	149.1	145	159	161.3	134.6	138.6	158.8	210.1	180.7	209	213.7	181.2	285.1	257.8
"f3431"	183.9	162	143.1	191.7	201.3	150	153.9	198.5	185.3	187.1	242.1	234.1	218.6	268.3	259.3
"f3454"	168.8	136.6	123.7	148.1	166.7	220.8	229.4	302	290.4	246.8	354.6	333.6	318.7	407.4	373.9
"f3544"	2336.2	1987.3	2025.1	2210.4	2484.7	1688.1	1828	2128.1	2184	2213.2	2680.3	2664.3	2316.3	3004	2879
"f3594"	1784.5	1957.4	1565.7	2166.8	1793.4	1372.3	1416	1668.7	1663.9	1595.8	1193.7	1215.8	1221.4	1556.5	1439.7
"f3620"	346.8	329	327.4	352.8	354.9	396.8	374.7	496.9	517.8	438.9	351.8	349.3	331.6	431.7	390.9
"f3628"	305.4	274.6	273.5	264.9	315.9	174.9	182.9	214.6	212.5	225.5	163.1	163.8	151.1	195.2	194.1
"f3679"	2394.8	2313	1864.2	2370.7	2409.4	1013	1068.3	1246.6	1150.5	1189.6	739.3	678.5	682.7	855.9	785.6
"f3754"	910.5	782.8	776.6	924.3	931.9	1393.8	1399.5	1752.4	1842.9	1473.1	2733.2	2625.6	2598.5	3057	2614.2
"f3766"	3811.9	4111.7	3285.9	4402.6	4135.1	4862.5	4495	5741.3	6023.3	4670.7	4401.6	3956.7	4259.4	5103.5	4172.9
"f4066"	1026.7	1047.9	837	1196	1083.2	607.5	654.6	763.6	783.5	719.4	537.9	487.1	457.7	596.9	552.4
"f4070"	204.8	207.6	182.9	239.8	205.2	110.2	129.4	133.8	135.5	140	99.2	88.6	82.2	102.6	96.9
"f4121"	9500.1	9896.1	7780.5	9143.8	10341.7	5061.1	5424	5479.8	6290.7	6211.4	3936.3	4170.9	4017	5279.8	4865.9
"f4148"	482.7	492.8	428.5	492.8	494.7	272.7	305.6	326.2	338.9	379.9	215.5	186.1	175.5	224.9	212.3
"f4212"	1806.8	1914.5	1476.3	1784.7	1989.6	970.3	1093.1	1148.6	1235.7	1292.6	767.7	885.9	817.8	1117.1	1038.4
"f4369"	906.7	920.6	753.6	900.8	1080.7	375.2	409.5	476.7	469.6	518.8	260.7	268.9	265.2	336.8	329.8
"f4395"	348.9	328.5	291.3	317.5	344.9	267.1	263.2	300	312	283.3	197.2	197.9	192.5	236.1	212.9
"f4438"	2196.3	2069.4	1858.7	2054.5	2234.3	1504.9	1558.3	1854.3	1769.2	1866.4	1326.4	1227.3	1336.5	1591.9	1473.8
"f4452"	920.4	868	764	925.4	1020.7	581.8	621.2	732	727.6	715.8	508	532.8	506.4	629.3	558
"f4457"	1024.5	964.2	885.7	927.1	1072.8	598	640	747.5	735.3	716.6	543.7	533.5	506.5	643.4	597.1
"f4631"	4159	3757.7	3567.5	4135.4	4280.9	3212	3291.7	4131	3874	4517.4	3074.9	2742.5	2727	3621.4	3253.5
"f4690"	429.5	383	395.5	393.4	461.7	300.2	322.9	385.1	350.3	416.4	286.8	283.8	263.2	347.2	324.6
"f4827"	632.8	552.6	544.3	602.5	638.9	432.5	445.6	513.5	567.5	488	390.4	425.7	328.5	462.7	423.8
"f4991"	553.8	509.9	456.6	532.7	619.2	243.9	296.6	393.8	332.2	421.1	249.6	255.1	237.7	299.1	296.6
"f5021"	361.9	355.2	319.2	346.8	399.5	242.2	265.5	288.6	285.4	277	214.6	202.3	187.8	230.5	222
"f5189"	486.3	501.6	448.9	481.7	540.5	313.5	326.7	383.4	399.5	386	268.2	286.1	282.4	345.7	294.5
"f5242"	3677	4656.4	3798.3	5239.6	4013.2	3271.4	3952.3	4100.6	3920.5	3748.8	2469.4	2557.1	2459	3262.2	2878.4
"f5280"	1247.3	1160.2	970.1	1096.9	1254.2	823.2	882.2	967.2	960.6	936	576.7	618	606.2	740.5	682.6
"f5286"	784.1	705.6	673.6	768.6	798.3	360.3	384.9	461.2	489.5	480.6	390.8	352	332.3	410	385.7
"f5348"	239.1	258	195.3	274.1	246.9	156.6	163	185.4	186.6	177.1	121.4	131	121.7	152.1	148.5
"f5361"	226.7	177	170	177	183.9	109.7	117.6	127	139.5	144.2	107.4	105.1	87.3	124.9	110.4
"f5376"	266	244.4	202.9	265.4	274.1	190.8	166.7	219.1	228.3	197.3	122.3	103.4	123.3	145.6	154.6
"f5377"	1144	1083.8	966.6	1075.6	1159.5	627.5	674.3	726.3	781	786.5	591.5	588.9	561.8	680.9	658.8
"f5396"	730.1	702.7	635.2	762.6	804.1	566.2	621.3	703.4	631.4	738.2	563	547.1	502.2	626.7	566.6
"f5465"	143.5	134.5	141.4	156.3	146.4	343.6	372.3	493.4	551.9	309.9	886.3	724.2	746.3	858.1	650.6
"f5480"	1142.2	1036.1	933.6	1023.1	1206.4	699.5	695.8	930.1	744.3	869	550.8	605.2	531.7	677.5	647.2
"f5629"	6182.3	5106.3	4954.1	5541.3	5889.3	1842.2	2004.6	2459.1	2244.9	3074.5	1876.4	1766.7	1607.7	2018	2101.8
"f5634"	746.8	647.3	580.1	729.5	788.9	496.8	537.9	658.7	644.3	631.5	516.5	494.8	461.4	543.9	537.3
"f5636"	9113.1	8525.2	7705.9	8751.6	9452.2	3141.9	3397.3	3727.6	3799.8	4504.1	2670.4	2793.4	2489.6	3229.4	3110
"f5771"	360.2	368.2	335.1	368.3	408.8	236.6	254.8	254.1	306.7	275.2	232.1	230.3	193.6	258.5	223.5
"f5865"	3510.1	3314.1	2896.5	3220.1	3723.5	1806.5	1932.7	2271.5	2221.2	2431.6	1564.3	1648.2	1639.9	2056	1860.9
"f5870"	614.4	546.9	512	592.9	674.1	384.5	403.7	534.8	476.9	494.8	344.7	390.6	354.1	463.1	393.1
"f5910"	145.6	127.9	123.3	119.6	155.5	140.1	142.2	174.3	165.8	163.4	217	221.3	212.6	248.4	220.8
"f5912"	1062	878.4	865.5	981	1093	560.1	623.8	791.2	687.7	820.5	532.1	513.4	498.1	622.8	624.5
"f5924"	940.8	1035.5	893.2	1007.6	1095.5	614.4	656.2	894.6	805.3	872.1	668.4	552.6	565.5	709.6	642.7
"f5953"	1931.4	1779.5	1609.6	1787	2026.5	2046.4	2215.3	2437.6	2742.6	2506	3120.1	3156.4	2954.6	3716	3391.8
"f6145"	660.8	666.6	563.5	693.6	673.2	474.2	492.4	594.7	590.5	515.4	407.6	423.4	422	528.9	450.4
"f6215"	576.7	505.7	500.2	565.7	615.7	636.8	664.2	740.8	844.6	683.5	900.7	1001.3	913.2	1123.3	961.5
"f6232"	108.7	86.7	102.8	98.2	123.6	75.3	75.7	98.8	94.6	123.1	68.2	67.4	53.4	66.4	68.2
"f6235"	1012.3	926.8	839.8	982.3	983.7	1073	1086.6	1242.5	1484.8	1665	2319.5	1891.4	1624.3	2207.1	2168.2
"f6273"	582.3	530.2	536.2	592.9	634.2	684.3	734.6	865.1	912.9	828.3	1324.5	1207.7	1134.9	1400.7	1322.3
"f6285"	679.2	531.3	567.2	583.3	688.6	706.5	751.6	865.6	901	816.6	1132.2	1122.4	1118	1278.5	1141.8
"f6299"	299.5	255.4	266.8	304.2	313.3	157.7	179	207.9	226.3	205.9	138.8	140.7	125.7	166.5	158.7
"f6377"	8238.2	7367.1	7263.5	8180.4	8187.5	3823.4	4020.8	4506.2	4512	5448.7	2956.4	3187.3	2609.3	3337.3	3346.8
"f6432"	815.2	684.4	654.6	712.8	810.8	499.5	479.6	593.6	566.9	621.7	724.3	729.4	700.7	926.2	849.9
"f6443"	857.6	741.4	784.5	852.9	854.1	638.6	699.6	939.5	796.8	843	585.2	601.8	561.4	714.3	656.9
"f6566"	656.4	612.1	528.1	654.6	699.4	659.9	659.4	823.6	832.6	786.1	1057.3	938.6	915	1161.9	1038.1
"f6575"	3811.8	3608.9	2943.8	3466.8	3967.8	2191.5	2174.8	2919.2	2465.8	2877	1777.8	1823.7	2017.2	2351.9	2174.6
"f6595"	3305.3	2725.8	2805.2	3273.1	3236.8	1497.3	1578.5	1960.5	1731.6	2277.6	1340.8	1143.2	1035.6	1277.4	1305.3
"f6620"	1490.8	1348.9	1195	1438.2	1589.7	587.4	722	789.2	770.1	781.9	381.4	284.7	315.3	384.3	394.5
"f6626"	1489.5	1758.5	1443.3	1537.3	1502.7	786.2	1004.4	894.3	965.8	1010.4	760.5	783.3	671.5	825.2	836.9
"f6685"	1311.7	1225.1	1170.4	1349.9	1445.1	979.3	1073.9	1195.9	1179.2	1196.4	860.9	882.6	858.6	1096.1	996.6
"f6697"	338.5	351.8	278.2	376.6	355.1	213.2	248.3	296.2	291.2	243.1	184.7	167.7	181.5	204.3	201.7
"f6780"	840.4	786	769	805.9	980.7	558.9	601	793.2	713.7	764	476.2	534	502.1	623.8	588.2
"f6836"	1558.7	1881.6	1456.6	1904.3	1615.4	1374.1	1654.9	1486.2	1702.7	1622.8	1143.4	1074.8	1035.4	1320.5	1201.3
"f6840"	469.9	420.6	414.3	481.6	503.6	329.3	339.3	370.8	383.3	400.5	275.3	287.8	243.2	328.8	310
"f6861"	584.9	565.3	471.4	572.1	626.4	324.4	332.5	367.8	412.6	364.6	249	219.5	233.7	279	268.2
"f6901"	3887.8	3533.2	3358.9	3830.4	4135.8	2245	2246.2	2867.9	2540.5	3005.8	1890.8	2005.4	1930.4	2545.6	2323.9
"f6989"	1655.1	1580.5	1431.4	1562.5	1800.4	1346.8	1403.6	1712.8	1715.8	1768.9	1992.8	2139.2	1964.4	2471.1	2332.4
"f7044"	1298.2	1210.5	994.2	1213	1287.3	591.7	626.9	724.5	751	770.6	533.5	577.5	544.2	655	625.9
"f7072"	1311.7	1250.2	1034	1137.4	1565.1	658	723.1	894.6	806.1	872.2	477.7	486.2	534.1	677.5	646.3
"f7084"	1286.9	1240.3	1083.9	1222.1	1372.4	863.5	863.9	1061.2	1045.6	1030	828.3	752.5	755.2	921.3	871.6
"f7111"	1028.4	1044.7	833.4	1186.6	1019.9	874.4	841.6	1051.8	1051.6	912	795.6	741.7	726.9	937.5	832
"f7128"	376.3	308	383.1	358.3	365.8	422.3	507.1	590.9	592.9	606.1	785.2	773.5	726.2	898.3	803.8
"f7164"	346	315.1	263.2	311	315.1	137.7	149.1	158.4	162.5	151	128.3	120	123.6	142.9	125.1
"f7209"	292.7	300.7	268.4	324.6	328.8	199.5	216.3	239.1	251	285.6	196.8	193.5	183.2	225.3	230.9
"f7248"	1870.9	1668.1	1583.4	1725.4	1987	1502.5	1544.9	1998	1752.2	1819.3	1310.1	1409.1	1366.4	1707.8	1525.3
"f7265"	564.4	537.3	506.1	539.5	574.8	312.5	332.1	377.2	385.6	430.7	274.8	215.6	203.3	253.5	273.3
"f7277"	138.5	120.4	128	127.7	162.9	106.9	107.9	123.2	124.5	129.3	93.4	99.9	90.2	115.8	117.2
"f7312"	363.6	338.7	323	373.6	378.4	285.3	294.7	354.4	339.7	344.6	250	218	212.6	263.2	261.8
"f7354"	1186	1131.4	979.8	1083.6	1291	955.3	959.6	1137	1117.7	1035.7	725	851.8	765.1	970.2	881.1
"f7382"	408.2	339.9	391.4	406.6	396.2	480.5	471.2	611.1	639.1	510	779.5	772.4	747.4	860.5	738.5
"f7422"	85.7	88.1	72.4	75.8	93.7	84.3	81.6	84.9	96.6	79.3	69.3	58.5	57.8	74.4	63.4
"f7447"	359.2	290.5	299.1	354	374.2	158.5	185.4	244.7	228	257.8	307.8	299.3	292.2	351.4	326.6
"f7527"	102.7	89.2	82	112.4	108.6	80.1	66.8	98.7	84.9	90.1	65.3	46.9	56.1	65	62.2
"f7652"	1457	1341.3	1174.6	1372.5	1550.7	1028.9	1038.4	1155	1160.7	1135	760.4	879.4	789.2	981.8	907.7
"f7688"	732.9	716	483.8	651.6	755.9	259.5	268.9	344.3	346	330.8	221	216.9	220.6	289.6	265.3
"f7724"	1047.2	1066.2	869.1	1060.2	1107.2	693.8	691.5	839.2	777.7	904.5	534.8	577.8	548.5	729.9	662.4
"f7725"	1289.3	1186.3	992.5	1125.6	1258.3	757.2	802.5	868.5	960	950.9	585.8	590.8	594.9	736.2	728.4
"f7814"	1362.5	1251.4	1101.1	1269.4	1338	546.8	636.9	717.1	722.8	780.5	477.2	495.7	431.2	553.2	545.7
"f7821"	430.8	442.2	398.2	468.4	472	283.9	331.9	361.1	378	385.2	294.3	290.7	268.7	342.7	308.4
"f7960"	930.5	924.7	817	1030	952.3	536.4	569.9	638.2	630.8	567	454.3	468.4	436.8	530.9	509.3
"f8008"	230.8	223.7	191.5	208	240	166.5	160.4	209.4	203.1	183.5	158.5	150.8	144.4	180.5	158.6
"f8023"	2966.5	2688.4	2408	2889.8	3053.2	973.2	1083.9	1404.5	1163.6	1581.1	772.7	685.5	656.2	810.6	870.5
"f8077"	973.1	880.3	841.2	932.5	1020.2	544	583.9	754.4	671.8	667.4	550.8	519.1	519	599.2	571.2
"f8097"	722.8	653.6	497.9	647	690.1	213.5	210	256.9	246.8	232.8	124.5	105.8	105.6	128.8	123.8
"f8208"	454.3	397.1	394.8	442	451.9	507.6	557.8	638.6	716.8	613.3	891.1	897.7	782.6	995.7	904.5
"f8331"	2941.9	2523.4	2606	2886.1	3242	3853.1	3954.5	4692.5	4976.7	4461	5664.6	6215.4	5445.9	6872.6	6167.2
"f8336"	158	137.5	139.9	141.5	169.6	118.2	118.6	126.4	140	133.9	88.8	77.2	90.6	96.2	100.8
"f8356"	257.6	243.2	220.5	267.3	270	193.8	201.3	237	243.5	231.3	192	164.8	159.1	213.8	189.3
"f8407"	126.3	103.5	103.3	110	133	147.9	134.4	140.4	145.1	163.4	226.6	191.1	177.7	215.8	231.4
"f8475"	573	558.8	547.5	578.6	627	979.7	998.6	1097.2	1303.9	1137	1457.3	1647	1348.7	1673.7	1518.7
"f8488"	2276.5	2119	1922.2	2061.7	2422.8	1110.8	1157.6	1408.2	1384.6	1496.2	1061.9	1062	1005.8	1263.7	1211.5
"f8501"	544.2	485.1	484.4	483.6	559.3	307.7	314	418.9	401.9	419.1	285	315.4	300.2	358.1	340.8
"f8522"	1053.4	1044.5	965.4	1095.3	1161.9	804.6	903.5	1031.8	988.6	886.9	726.3	752.1	708.7	879.7	803.1
"f8532"	450.8	422.9	399	447.6	463.7	785.8	809.5	875.5	1013.5	905.4	1129.8	1294.3	1111.3	1406.7	1237.1
"f8540"	480.3	433.9	399	446.7	494.8	370.6	370.7	401.2	435.7	422.2	299.9	289.8	275.3	348.4	326.9
"f8550"	1892.9	1582.5	1639.6	1845.7	2056.7	2519.1	2665.3	3405.7	3568.9	3192.6	4572.4	4209.8	3569.6	4920.8	4477.5
"f8573"	1369.6	1310.6	1173.5	1289.3	1454.2	830.3	878.1	1029.2	949.5	1203.5	680.4	650.3	639.1	809.8	791.6
"f8646"	1073.8	932.1	906.6	1038	1116.3	770.3	845.7	978.3	971.8	981.8	654.1	648.4	690.2	834	745.1
"f8660"	88.3	77.1	71.1	68.3	79.1	90.1	99.1	110.1	115.4	111.7	136.6	152.9	135.1	164.8	142.4
"f8676"	305.8	317.8	272	305.7	307.9	160.9	168.2	212.5	197.8	183	141	135.2	134.3	158.8	146.4
"f8698"	2429.2	2160.3	1871.1	2080.8	2458.1	1026.2	1122.1	1265.6	1306.1	1383.3	1001.4	835.1	790.4	971.4	1003.6
"f8742"	795.3	746.6	640.6	739	863.5	396.9	399.5	469.2	467.3	432.5	338.5	332.5	308.1	394.5	379.6
"f8796"	1705.5	1557.4	1458	1532.7	1832.6	1469.5	1535.9	1631.6	1718.8	1827.7	2542.9	2239.4	2051.4	2369.7	2351.1
"f8858"	930.5	810.9	905.2	1019.2	917.7	368.2	423.7	520.7	489.1	580.8	311.3	259.3	238.8	257.1	292.8
"f8881"	107.6	89.2	87.3	90.7	93.7	71.5	86.1	113.4	111.6	97.1	76	76	73	105.6	85.5
"f9029"	784.1	750.3	595.1	718.3	779.4	398.9	453.4	434.2	495.6	445.4	277.6	256.6	248.7	316.7	288.1
"f9045"	595.1	849.3	548.3	986.9	684.2	410.5	500.6	497	500.1	412.1	314.7	293	296.7	376.7	335.5
"f9046"	2267	2086.1	2009.7	2202.1	2288.5	1254.9	1334.6	1460.5	1531.3	1704.7	1208.7	1190.1	1076	1393.1	1342.3
"f9073"	485	487.1	412.3	574	560.9	320.2	296.3	417.3	394.4	348.6	264.5	249	262.3	326.8	282.4
"f9147"	536.9	477.8	507.8	529.3	568.5	542.3	575.6	678.2	705.7	707.7	870.5	889.7	816.2	1094.6	896.4
"f9174"	510.7	464.9	441.7	474.6	561.8	271.2	294.3	379.7	326.1	384.9	245.8	252.6	245.8	308.2	287.9
"f9259"	1064.7	951.3	890.6	972	1096.3	898.8	950.9	1188.5	1170.9	1094	1390.3	1400.8	1343.4	1694.8	1573.1
"f9286"	3704.1	3297.6	2884	3128.5	3724	1585.3	1735.7	2115.7	1973.3	2162.5	1395.3	1445	1430	1719	1653.1
"f9327"	243.2	235.6	229.1	253.7	249.8	186.4	191.3	255	237.1	240.7	293.5	297.8	270.4	336.9	315.2
"f9354"	703.7	717.2	582	666.1	711.6	405.6	408.3	479.8	534.8	511.1	336.7	323.7	330.7	411.7	401.2
"f9404"	389.2	325	351.6	399.9	389.8	753.2	717.3	945.6	984.5	802.4	1769.3	1562.3	1569.1	1889.9	1515
"f9452"	372.4	370.2	334.8	403.5	398.7	190	181.1	214.2	243.7	229.1	153.8	151.4	134.4	169.6	170.5
"f9490"	98.2	95.9	95.8	101.6	121.9	132.2	127.7	157.4	167.6	148.7	206.5	225.4	184	230.5	210.9
"f9508"	495.6	479	459.6	525.4	551.9	316.7	368.3	435.7	470.9	428.7	276.9	273.6	256.6	319.9	313.8
"f9551"	308.2	269.1	238.3	261.1	311.8	121.2	121.1	143	137.9	170.8	121.6	109.1	97.8	134.5	133.1
"f9692"	559.7	477.9	450.9	473.8	553.3	249.7	282	297.2	357.6	332.2	224.6	203.2	181.9	220.3	211.4
"f9708"	398.5	431.8	305.1	439.7	416.9	282.6	274.1	363.3	337.1	284.9	211.9	199.9	215.5	254.7	253.2
"f9723"	1658.2	1406.1	1324.2	1509.4	1619.6	721.1	795.3	1058.9	919.8	1106.7	742.4	669	615.4	786.3	761.7
"f9738"	1302.6	1367.5	1070.8	1168	1343.1	475.4	552.3	557	598.5	596.1	309.7	347.5	348	415.9	377
"f9739"	970.6	871.6	820.5	916.8	989.3	590.6	644.2	745.7	740.6	751.7	620.6	578	516.3	641.2	640.6
"f9757"	246.3	227.2	202.2	219.5	262.1	192.9	188.1	262	251.5	222.7	180.5	179.5	165	203.2	208
"f9773"	446.3	448.6	426.4	433.1	510.8	319.8	363.4	441.8	426.2	456.8	335.1	309.8	317.8	375.8	376.8
"f9926"	285.4	313.3	281.9	329.3	380.5	265.3	275.5	410.5	343.5	352.3	253.5	240.9	238.8	311	293.6
"f9942"	182.5	164.6	147.4	191.7	181	98.7	104.7	140.2	139.4	140.2	187.9	175.5	182.5	202.9	199.3
"f9957"	678.4	571.8	527.4	734.9	632.1	300.6	315	436.4	384.7	423	338	295.2	280.7	332.3	348.8
"f10007"	3972	3585.1	3402.7	3892.9	4145.1	2337.3	2530.2	2856.6	2804.5	3148.9	2166.9	1890.5	1769.8	2320.2	2179.1
"f10035"	229.9	231.8	205	234.1	253.9	167.7	171.3	211.9	217.6	214.2	157.3	164.8	160.5	182	187.4
"f10162"	529.8	509.3	392.5	501.6	517.2	345.5	331.4	332.7	394.3	358.8	241.2	235.6	230.5	285.9	243.3
"f10166"	1215.2	1089.6	1006	1093.7	1239.1	836.8	952	1130.5	1170.3	1148.2	1224.1	1429.3	1312.7	1789.7	1524.5
"f10218"	164.2	158.1	133.9	154	170	82	80.7	88.7	96.7	100.2	72.6	80.7	63.4	93.6	79.2
"f10231"	276.8	310.9	257.7	321.5	302.9	188.7	204.9	212.5	228.2	200.5	161.2	146.3	154.2	180.9	156.3
"f10327"	99.9	101.4	70.7	119.8	88	65.5	78.4	87.3	87.6	78.2	65.3	66.8	63.2	75.1	67.9
"f10352"	90.4	80.5	72.4	87.3	85.5	52.9	68	74.4	67.3	67	56.4	54.5	47	57.3	52.2
"f10354"	159.5	175	157.9	152.2	197.7	117.2	151.2	178.2	159.3	156.1	118	132.6	118.8	129.6	140.7
"f10374"	253.9	126.9	205.3	138.6	135.8	93.7	92.4	100.4	106.2	98.7	78.7	74.6	67.6	76	82
"f10429"	179.2	179.2	141.5	191.4	202.1	124.4	114.7	156.1	162.1	130.6	92.2	96	82.5	119.7	114
"f10446"	242.8	186.4	218.2	213.4	232	205.1	204.3	267.9	254.1	256.4	345.2	315.1	276	346.9	342.2
"f10511"	227.9	220.6	198.3	233.3	241.6	165.5	165.4	203.9	206.8	196.9	137.5	165	144.2	158.4	154.6
"f10571"	202	185.2	179	195.4	228.1	147.6	141.8	184.1	168.2	168.7	141.1	137	119	162.4	139.5
"f10574"	232	206	190.4	212.2	225.6	199.5	194.6	238.4	237.2	211.3	148.2	172.6	149.3	205.1	177.9
"f10599"	356.7	308.3	336.7	345.6	355.4	450.8	455.2	574.6	574.9	510	727.8	701.7	737.7	854.2	723.9
"f10603"	226.8	192.9	207.3	216.2	242.6	210.4	220.1	254.9	269.9	242.2	330.7	380	336.2	419.7	370.5
"f10608"	1267.2	1201.5	974.7	1281.2	1312.3	721.3	710.9	813.6	834.3	785.4	442	367	380.6	488.9	452.9
"f10618"	229.8	207	182.2	208.2	226.8	182.2	183.2	226.7	210	213.2	154.1	140.5	152.4	181.2	165.9
"f10619"	180	174	163	175.7	195.5	124	135.8	166.2	176.1	168	208.8	208.8	194.5	243.8	223.2
"f10723"	87.4	62.7	61.3	77.9	79.2	74.1	75.4	90.1	105.8	107.6	130.2	107.9	104.3	139.5	154.8
"f10798"	537.3	538.6	486.2	582.4	589.7	357.6	353.2	433.5	436.1	426.2	365.6	330.4	295.1	381.2	367
"f10921"	349.7	346	299	352.4	350.1	248.1	255	312.4	330.7	293.1	226.7	221	206.1	267.3	246.5
"f11016"	71.5	53.3	58.2	54.4	68.1	42.2	47.9	58.8	58.7	47.2	38.9	47.7	47.6	49.5	37.2
