"GFP1"	"GFP2"	"GFP3"	"GFP4"	"GFP5"	"R17_1"	"R17_2"	"R17_3"	"R17_4"	"R17_5"	"Fing1"	"Fing2"	"Fing3"	"Fing4"	"Fing5"
"f37"	26819.5	24471.2	23044.3	25658.2	27598.6	22500.9	23179.8	27963.4	27839.4	28074.2	24958.1	24141.3	23361.8	28773.2	26398.8
"f50"	290450.9	245859.2	252361.3	282996.5	305942	280003.8	297377.7	366980.2	372533.3	367758.4	416191.8	411580.5	364638	468436.9	434321.3
"f163"	72650.8	63203.7	65597.4	72863	76686.5	71659.9	76295	92519.4	95410.2	88036.8	105766.4	108677.7	96539.5	121485	109904.1
"f200"	45450.2	39381.6	38186.8	41642.1	45212.3	42978.3	45958.4	52437.6	56157.5	51934.2	61338	62224	56739.3	68344.1	63377.3
"f233"	34107.3	29725.6	31184.7	34804.7	34333.1	35785.1	38000.2	47330.9	50410.7	43331.7	53819.6	53579.2	48285.8	62090.1	56969.3
"f244"	37225	32421.8	32916.7	36701.8	38680.8	39276.1	42428.9	51668.4	53222.8	47534.1	57041.1	58154.6	52186.2	65412.2	59434.8
"f246"	2884.2	2587.1	2477.1	2720.1	3055.1	3295.3	3456.7	4092.7	4320	4117.1	4931.3	4921.6	4310.2	5448.6	5116
"f290"	25046.5	22036.1	20731.4	23459.1	24440.1	16974.4	18156.2	22056	22616.9	19554.5	20654.3	19639.4	18275.8	22057.8	19878.7
"f293"	30718.5	26099.1	26337.7	28132.7	31308.9	31094.3	33429.8	37993.4	41482.2	38693.3	47114.3	46977.4	42433.6	51486.9	48180.1
"f327"	84084.8	71875.6	74629.7	84366.3	88720.2	88350.2	92932.3	112021.2	114308.4	108868.1	127573.4	129981.7	113431.8	143895	130697.5
"f334"	21805.6	18796.2	18651.9	20656.8	22820.4	20932.9	22088.6	26265.5	27555.1	27910.8	32523.6	31957.1	28386.3	36053.3	34114.9
"f355"	41148.5	36405	35292.4	39646.5	41528.9	29174.5	31066.8	36489.4	37990.1	32855	34310	32976.5	29818.9	35834.4	32529.7
"f384"	22457.9	19559.9	19933.7	22213.3	23409.2	26890.7	28385.3	34813.1	35973.9	31890.3	42038	42186.8	37804.8	47583.2	43295.5
"f389"	8024.4	7069.4	7002.1	7417.6	8357.6	8407.5	8841.7	10590.9	10900.6	10211.2	11784.9	12818	10980.8	14152.4	12801
"f433"	39087.8	33834	33245.2	36571.3	40932.9	36165.1	39115.8	46143	47267	46689.1	53589.1	54035.1	47080.1	59421	56166.5
"f482"	25263.2	22344.4	22004.5	24156.5	29294.4	26917.1	26727	31195.2	32271.6	31369.4	36934.6	37796.1	32677.9	41499	38490.3
"f498"	14511.7	12772.6	12378.6	13492.2	15312.5	13091.2	13544.8	16386.7	16672.3	17645.7	18871.7	19629.8	17810.9	22682.2	21532.4
"f512"	15657.1	14138.2	13517.1	15413.8	16748.8	15881.8	16450.8	20885.9	20764.7	21126.2	24366.2	23558.2	22802.9	27282.8	26823.6
"f548"	9111.2	8020.9	7636.9	8424.4	9162.4	6305.8	6701.9	8013.7	8109.8	8461.8	7523.2	7406.7	6828.9	8421.9	8167.6
"f647"	69907.1	61677.5	58554.7	65005.8	73617.2	46688.3	48415.6	57322	54833.1	62390.5	49379.4	53033.6	46277.3	60365.7	58171
"f689"	39315.5	33849	32165	36584.8	40957.7	26251.1	27925.9	33786.5	33214.7	33791.1	30753.5	31228.7	28002.3	35537.4	33501.9
"f707"	17247.3	15333.5	14565.6	15886.5	18197	15736.4	16644.9	19458.6	20297.2	21464.9	23187.9	23459.7	21128.1	26412.4	25397.7
"f748"	5747.4	5231.7	5202.3	5637.8	6011.1	7560.2	8106.8	10000.6	10643.6	9021.4	14002.5	13688.6	12507.8	15654.2	13650.1
"f825"	17422.6	15075.7	15279.9	17106.2	17937.6	19453.9	20189.7	25739.8	26234.5	23610.1	29732.2	30818.3	26614.1	34063.7	30043.7
"f828"	7869.8	6789.2	6801	7534.1	8358.1	7538.6	8128.9	9473.5	9991	10237.6	12115.4	11882.1	10358.7	13143.1	12609.6
"f910"	9826.1	8456.9	7981.8	8956.2	9812	5316.9	5764.2	6794.3	6666.9	7251.6	5909.6	6076	5493.5	6993.6	6807.5
"f950"	25814.2	18915.5	19235.7	21765.7	24250.5	20990.7	21920.2	28144	28123.5	30588.7	34079.1	31972.7	28656.7	36665.9	36277.2
"f969"	12245	10705.8	10694.4	11477	13033.2	11290.4	11977.9	14139.9	14516.3	14008.9	16341.3	16956	15048.1	18659.4	17380.7
"f1003"	2680.9	2317.8	2271.9	2510.4	2724.2	2695.5	2893.9	3608.2	3624.2	3448.5	4106.4	4067.7	3765.7	4603.4	4248.6
"f1047"	6823.8	5995	5699.3	6072.4	7287.3	6568	6622.3	8168	8056.5	8448.7	9172.6	9236.6	8532.8	10661.6	10240.5
"f1126"	4959.7	4387	4421.2	4851.3	5292.6	5876	6233.3	7385.3	7536.6	7074.9	9077.4	9088.8	8211	10016.2	9313.4
"f1175"	4583.5	4177.4	3923.2	4381.2	4710.4	3714.7	3978.7	4677.7	4609.1	4988.8	4154.3	4189.5	3790	4857.5	4508.1
"f1202"	14490.8	12410.1	12332.8	13309.2	15057.9	12991.2	13382.4	16193.8	16765.1	16331	18586.1	19224.4	16569.6	21355	20175.8
"f1218"	14924.5	12731.8	13357.9	14929.5	15003.4	17846.4	18434.1	23119.2	24357.8	20559.9	26668.1	27830.8	23736.3	31038.7	28284.3
"f1220"	16774.1	14537	14726.3	16008.2	17055.2	17662.3	18558.6	22492.5	23287.8	22500.2	26264	25794.7	22643.6	29543	27725.6
"f1362"	28008.6	26294.4	25319.4	27639.6	30836.4	27147.3	28175.7	33656.1	32892.7	32864.1	37040.6	40329.4	34388.1	43585.6	41000.3
"f1388"	13612	11458.1	11166.6	13099.3	13068.9	7799.2	8315.9	10326.9	10493.1	10327	9319.1	9011.4	8100.4	10212.7	9900.4
"f1390"	6005.8	5762	5054.9	5916.8	6621.4	4745.5	5123.6	5555.2	5465.3	5791.6	5236.2	5241	4736.2	5952.2	5748.5
"f1404"	10801.3	9496.1	9236.9	10068.3	11189.2	10000.7	10470.9	12706.6	12831.8	13049.4	14737.4	15032.4	13143.8	16461.6	15733.7
"f1482"	2156.2	2016.4	1806.4	2031.9	2238.8	1741.5	1791.3	2013	2056.1	2239.9	2025	1896.1	1774.4	2228.3	2116.6
"f1540"	3829	3443.8	3209.7	3489.7	3983.2	2518.9	2682.6	3257.4	3162	3585	3021.2	2910.7	2758.6	3348.9	3281.6
"f1541"	3968.1	3478.9	3341.4	3675	4194.7	3799.5	3909.1	4645.1	4896.4	4787.4	5376	5467.6	5053	6277.3	5807.7
"f1563"	6670.1	5776.3	5717.2	5990.8	6771.7	5838.5	6050.1	7272.5	7364.4	7420.4	8415.6	8508.7	7554	9583.3	9005.7
"f1568"	11666.2	10162.1	10047.5	10916.6	11920.7	10453.8	11151	13330.2	13923.6	13511.2	15354.1	15782.6	13895.4	17376.2	16503.8
"f1580"	5025.4	4444.7	4294.6	4623.2	5024.3	4030	4153.9	4873.5	4972.3	5327.1	4565.3	4666.7	4251.2	5295.9	5017.1
"f1625"	7968.8	7032.4	6745.8	7534.5	8108.6	6267.1	6654.6	8110.5	8173.9	8468	9463.6	9089.1	8374	10542.2	9875
"f1707"	2808.6	2437.2	2334.3	2540.9	2770.6	1893.2	1959.8	2382.4	2497.9	2542.2	2361	2255.8	2057.8	2540.2	2438.4
"f1766"	5230.9	4546	4448	4927.1	5394.9	4757.7	4917.7	5895	6109.3	6146.1	7071.8	6960	6116.7	7623.2	7280.6
"f1828"	1407.8	1222.6	1246.1	1360.1	1456.2	1323.6	1465.2	1743.3	1761.1	1742.8	1973	2025.6	1795.2	2232.9	2169.1
"f1834"	1986.6	1782.3	1774.4	1876.7	2075	3276.5	3394.9	4202.7	4502	3534	6133.2	5876.6	4955.1	6169	4995.4
"f1837"	21158.4	18328.8	17972.3	19890.7	22349	18958.5	20158.9	24396.1	24260.4	25652.4	28593	29009.7	25304.6	31782.1	29967
"f1841"	15302.4	13297.8	12906.8	14310	16377.2	13964.4	14760.4	17398.5	17967.9	17592.3	19354.1	20634.8	18011.9	23048	21429.7
"f1862"	8417.5	7242.5	6908.7	7794	8602.8	5474.9	5638.1	7014	6917.7	6961.3	6032.6	6025.8	5662.4	7047	6720.5
"f1917"	2660.1	2425.5	2446.9	2715	2893.2	2598.8	2761.9	3325.6	3294.4	3508.1	3872.4	3869.5	3366.8	4237.6	4111.9
"f2075"	8951.8	7793.5	7327.2	8436.1	8651.6	4857.9	5072.6	6066.7	6142.4	6368	5674.2	5618.3	4925	6281.9	6177.6
"f2104"	530.8	442.3	431.1	478	510.8	459.7	500.7	572.4	589.2	584.8	689.8	663.4	604.1	733.9	736.8
"f2125"	2339.1	2032.1	2001.2	2203.9	2427.8	2054.3	2167.4	2610.7	2615.3	2638.7	2997.5	3114.1	2633	3391.3	3317.7
"f2137"	5774.9	5424	5150.8	5613	6147.7	4702.5	5076.6	6014.5	6078.2	6140.3	5412.1	5561	5079.5	6365.8	6103.6
"f2154"	8668.8	7382.9	6827.4	7941.5	8067.8	3298.4	3487	4298.1	4460.7	4404.4	3928.3	3780.2	3525.5	4138.1	4142.5
"f2182"	1821.2	1617	1717.7	1910.8	1784.6	1776.1	1944.4	2309	2455.3	2236.2	2144.3	2098	1836.5	2357.9	2249.6
"f2193"	2164.1	1884.4	1819.2	1997.8	2197.9	1895.2	2051.1	2541.5	2465	2564.5	2904.9	2895.7	2476.7	3194.6	3077.8
"f2220"	868	802.2	815.5	875.2	936.8	1046.8	1069.2	1359.5	1358.2	1287.7	1558.5	1579.6	1485.5	1866.5	1693.3
"f2293"	980.3	901.7	820.8	901.7	1017.5	551.9	537	639.3	659.6	668.7	467.6	476.1	452.1	557.2	520.6
"f2343"	1834.7	1553.5	1501.3	1732.7	1891.3	1478.2	1643.3	1946	1990.6	2115.1	2327.4	2312.3	1978.8	2495.5	2470.4
"f2370"	3958.5	3341.3	3290.2	3777.4	4057.5	3833	4121.4	4849.4	5131.7	5083.7	6276.8	5898.6	5030.8	6547.1	6291
"f2391"	3171.2	2716.7	2638.1	2924	3385.6	2888.2	3055.5	3680.3	3751.9	4026	4543.8	4315.7	3873.4	5010.9	4805.8
"f2425"	2973.7	2630.8	2534	2745.5	3103	2840.1	2926.9	3592.6	3774.1	3531.7	4092.3	4084.5	3704.4	4710.4	4416
"f2441"	877.3	736.9	746	799.8	903.6	728.7	798.9	941.4	937.8	956	1122.1	1075.3	923.2	1210.5	1159.4
"f2475"	2727.7	2490.2	2260.6	2462.2	2778	1991.1	2035.4	2401.8	2559.3	2559.3	2280.5	2249.6	2131.2	2686.3	2573.1
"f2564"	632	538.5	432.5	456.3	541.1	438.3	493.4	564.1	528.7	522.8	543.8	526.1	494.9	528.5	535.5
"f2578"	3427	2999.6	2868.9	3172.3	3374.8	2114.3	2280.2	2709.2	2729.4	3050.4	2567	2478.5	2311.5	2790.8	2800.9
"f2589"	2331.4	1985.3	1860.3	2143	2432.2	1855.8	2003.3	2371	2393.3	2342.8	2771.9	2822.5	2437.8	3099.5	2932.5
"f2607"	2320.7	2029	1843.8	2088.3	2330.5	1404.2	1526.1	1805.7	1849.8	1758.6	1768.5	1680.4	1489.5	1856.2	1772.9
"f2614"	6274.1	5544	5049.4	5611.4	6449.1	4177.4	4402.6	5275.7	5324	5366.2	4911.1	4969.8	4445.2	5605.7	5353.4
"f2652"	3854.1	3420.9	3090.9	3439.1	3877.1	2000.6	2035.4	2453.4	2489.2	2874.7	2247.6	2290.6	2056.7	2555	2532.4
"f2672"	6175.9	5578.2	5063.3	5593.8	6442	3551.3	3740.2	4517.8	4556.2	5039.6	3929.9	4007.5	3628	4580.2	4504.1
"f2797"	3281.9	2872.7	2828.2	2950.7	3300.8	3386.2	3528.8	4133.1	4192.6	4021.8	4890.9	5068.8	4388.3	5551.4	5105.9
"f2814"	1692.1	1446.2	1371.9	1529.4	1730	1073.7	1171.8	1366.3	1368.5	1480.4	1298	1268.6	1128.4	1477.9	1446.5
"f2864"	1002.2	835.1	863.5	972.4	1015.4	1240.5	1293	1586.9	1689.4	1654.9	2012.6	1859.2	1659.5	2068.9	1982.8
"f2875"	893.9	798.6	767.3	855.4	928.4	619.9	688.8	750.2	836.6	882.5	703.3	734.1	682.1	801.7	784
"f2877"	2827.7	2500.6	2469.1	2584.5	2915.3	2489.8	2604.4	3184.3	3132.2	3092.7	3584.9	3724.2	3296.9	4120.5	3843.3
"f2887"	1940.7	1738.5	1670.7	1791.8	1938.4	1765.6	1884.2	2244.9	2291.7	2366	2776.4	2713.9	2324.2	2917.4	2829.8
"f2929"	3597.4	3294.1	3001.9	3347.2	3488.3	1986.5	2165.2	2574.2	2470	2837.2	2393.8	2344.8	2068.7	2632.5	2676
"f2930"	2225.2	1890.8	1868.5	2119.9	2284.1	2609.3	2784	3312.2	3488.8	2982.6	3878.1	3949.2	3469.7	4343	3870.8
"f2977"	1580.1	1408.2	1286	1448.1	1653.4	1239.2	1284.3	1524.5	1434.8	1642.8	1191.6	1275	1199.6	1521.2	1436.7
"f2978"	2288.9	2024.8	1979.5	2115.1	2336.2	2110.8	2223.7	2665.6	2708.1	2681.3	3052.3	3180.3	2772.7	3400	3215.9
"f3014"	2725.7	2364.1	2428.9	2611.9	2828.8	2752.5	2925.8	3400.4	3554.4	3403.4	3934.4	4062.9	3562.7	4428.1	4278.6
"f3018"	2372.7	2087.6	2083.5	2225.1	2538	2646.3	2774.1	3380.7	3441.5	3186.5	3899.9	4099.6	3557.3	4564.9	4136.9
"f3019"	918.2	827.6	887.4	920.8	981.2	722.4	778.5	873.2	872.9	960.7	884.6	848.8	751.6	971.9	905.5
"f3053"	1236	1114.8	1097.3	1163.3	1336.1	1183.4	1315.7	1533.3	1523.5	1494.4	1732	1788.9	1576.8	1971.3	1898.3
"f3080"	1291.6	1177.6	1092	1226.7	1377.1	1364.5	1394.7	1747	1706.2	1708.1	2050.4	2000	1756.5	2318.2	2141.6
"f3104"	3934.2	3330.8	3122.9	3501.7	3973.3	2712	2872.2	3363.2	3480.3	3550.9	3170.6	3222.5	3020.2	3604.5	3543.3
"f3137"	3055	2514.8	2443.3	2654.2	3028	2758.8	2948.5	3632.3	3484.5	3541.9	3999.7	4271.8	3854.9	4979.3	4413.3
"f3205"	1866.8	1622.2	1596.9	1811.8	1977.9	1867	2006.5	2466.4	2509.3	2466.3	2779.8	2795.1	2436	3185.9	3046.7
"f3239"	1102.2	961.3	946.7	1109.1	1193.1	1063.8	1111.2	1361.7	1378	1375.9	1566.3	1569	1365.2	1790.7	1614.2
"f3240"	786.6	721.8	686.3	741.5	844.1	571.9	615.9	757.3	721.4	777	670.8	686.4	643.1	783.7	752.6
"f3241"	1226.7	1239	984.7	1200.9	1329.8	1062.4	1061.4	1268.5	1290.1	1392.5	1034.3	1135.9	987.8	1287.2	1217.9
"f3248"	1076.1	963.8	932.2	1003.6	1110.4	942.4	1019.2	1254.5	1232.4	1237.8	1367.1	1425.4	1264.2	1603.5	1526
"f3251"	2574.3	2230.6	2147	2381.8	2693.7	2270.8	2464.6	2984.5	3006.2	3038.8	3437.9	3486.2	2962.9	3863.6	3755.9
"f3283"	1393.8	1197.9	1147.7	1240.2	1421.6	1046.8	1147.1	1358.7	1385.9	1378.5	1609.2	1642.5	1447.5	1850.5	1745.4
"f3300"	1226.8	1052.8	936.3	1139.7	1264.8	1020	1057.8	1234	1229.3	1389	1484.3	1457.9	1318.7	1679.6	1596.5
"f3314"	897.5	786.9	777.7	839.7	970.5	1067.2	1133.3	1428.5	1419.6	1336.9	1668.3	1649.4	1558.9	1862.3	1688.9
"f3348"	849	701.1	727.5	772.3	832.2	722.1	807.8	937.3	955	1015.3	1377	1264.8	1024.9	1332.5	1342.8
"f3355"	1026.8	956.9	893.2	945.1	1048.7	859.7	889.6	1060.7	1049.6	1098.5	898.9	935.3	847.6	1065.6	1052.7
"f3384"	2082.6	1823.6	1795.8	1991.8	2050.2	1774.1	1880.7	2135.3	2259.4	2398	2812.7	2568	2232.2	2812.9	2801.8
"f3413"	2347.4	2010.4	2146.6	2295.3	2543.8	2121.7	2275	2736.6	2813.3	2761.4	3188.8	3282	2686.9	3658.2	3364.7
"f3506"	5000.5	4402.1	4355.8	4776.7	5273.3	4459.3	4789.3	5580.3	5677.4	5792.3	6435.9	6594.6	5854.8	7223.6	6897.1
"f3527"	701.5	604.4	578.5	633.2	715.8	644.8	688.4	832.7	811	789.6	928.9	974.7	866.6	1058.9	972
"f3549"	2436.2	2228	2092.3	2317.2	2615.2	1763.4	1964.3	2253.2	2268.8	2318.8	2606.5	2862.9	2547.4	3091.8	3014.6
"f3581"	1428.6	1289.5	1246.9	1345.3	1510.5	1011.2	1075.9	1259.1	1331.8	1354.2	1200.4	1180.3	1058.1	1375.1	1346.6
"f3611"	1199.8	1053.7	1013.6	1111.7	1271.4	1029.7	1109.4	1297.2	1270.9	1355.2	1556.5	1607.4	1408.1	1774.6	1663.9
"f3672"	123.2	104.8	111.3	120.6	129.4	116.6	120.4	147.9	156.4	144	181.5	187	152.6	211	180.1
"f3768"	588.6	557.7	533.5	590.6	657.4	486	501.5	605.4	620	576.4	546.1	576.8	540.1	650.5	575.8
"f3775"	2050.3	1731.6	1717.6	1821.6	2090.6	1819.3	1879.5	2300.2	2265	2389.5	2705.8	2587.3	2308.3	2984.7	2890.1
"f3889"	361.5	305.5	307.5	364.6	344.4	536.8	580.7	644.6	641.2	576.3	512.7	449.2	458.9	509.5	451.8
"f3900"	330.8	300.9	292	314.4	364.1	356.2	364.9	454.5	473.3	422.1	590.8	591	512.8	670.5	600.9
"f3913"	864.2	765.3	737.7	791.3	887.2	746.3	818.9	924.4	953.4	1000.2	1140.2	1122.6	999.8	1230	1176.5
"f4029"	1815.7	1575.7	1549.3	1701.1	1834	1649.2	1739.4	2160.6	2156.7	2088.9	2523.3	2451.8	2189.5	2705.2	2626.5
"f4042"	1929.7	1651.7	1732.2	1891	1983.9	1598.9	1715.8	1995.2	2119	2172.1	2474.1	2404	2044.2	2688.8	2591.4
"f4092"	830.5	752.6	693.8	776.7	817.9	550.9	595.4	731.6	770	781.2	676.8	666.6	629.3	733.3	750.6
"f4108"	308.7	260.6	280.1	294.5	300.2	342	378.1	419.1	465.5	450.6	596.9	561.6	491.6	627.7	608.2
"f4161"	7572.1	6666	6493.6	7300	7750.1	6597.7	6960.1	8163.3	8255	8658	9670.3	9604.3	8391.6	10701.9	10575.1
"f4202"	1474.3	1272.6	1248.1	1317.9	1495.2	1323.1	1367.4	1611.4	1658.1	1668.4	2110.1	2056.2	1849.9	2264.7	2093.8
"f4278"	14466.6	12690.1	11987.5	13272.4	14450.1	9322.8	9926.5	11010.2	12118.9	12347.5	10367	10962.2	9600	12285.3	11779.8
"f4298"	395.1	341.1	341.4	371.1	377.3	331.7	382.5	427.3	457.8	443.5	536.5	524.8	458.9	572.4	554.1
"f4303"	1182.8	1016	996.5	1096	1190.8	858.3	897.7	1040.7	1012	1100.7	942.2	934.3	849.3	1060.8	1011.2
"f4386"	333.2	294	305.2	324.3	377.5	336	346.4	420.1	420.8	416.6	481.7	487.9	449.6	510.6	518.3
"f4436"	11185	10074.4	9140.4	10536.6	11303	7730	7910	10082.2	9575.5	10555.5	8568.4	9053	8280.7	10755.9	10051.8
"f4452"	331.7	323.1	284.3	300	360.9	341.5	373.4	433	415.5	471.3	517.5	505.4	458	540.5	584.8
"f4483"	815.3	723.2	648.5	733.2	814.6	587.4	610.9	754.4	721.5	800.5	720.4	680.9	612.9	765.5	756.5
"f4507"	610.8	524.9	545.5	562	628.9	561.9	606.8	704.1	709.1	728.2	849.1	840.5	704.9	921.7	883.4
"f4516"	6089.1	5659.1	5650	6126.2	6710.3	5871.5	6384.2	7386.6	7042.5	7712.8	8726.6	9009.8	7205.4	9543.6	9609.7
"f4533"	4894	4184.7	3867.3	4440.1	4944.5	3046.7	3135.2	3798.6	3719.1	4143	3428.3	3596.1	3184.2	4077.9	4036.9
"f4542"	1350.1	1210.2	1156.8	1255.4	1440.4	1182	1268.5	1490.9	1537.9	1467.5	1640.4	1745.4	1560.8	1976	1867.9
"f4553"	3842	3433.8	3370.1	3683.5	4148.3	3960.5	4098.3	5114.2	5062.6	4796.5	5490.3	5959	5427.8	6859.2	6091.5
"f4566"	244.9	199.1	188.9	229.7	252.7	221.8	240	274.5	292.1	310.8	373.3	347.7	284	399	373.1
"f4665"	745	660.9	597.1	678.8	754.1	506.5	508.2	620.5	640.6	660.1	566.2	543.3	507.7	630.2	621.3
"f4666"	1251.1	1112.8	1065.3	1163	1303	866.8	889	1097.3	1013.9	1117.7	932.9	956.4	880.7	1090.7	1040.1
"f4694"	362.9	332.2	328.4	344.2	402.3	341.5	388.2	434.2	436.1	455.1	568.2	535.7	478.7	596	565
"f4797"	1148	936.2	925.6	1007.4	1106.8	1022.9	1103.1	1209.3	1269.7	1304.1	1481.8	1454	1314.1	1643.6	1578.1
"f4856"	1889.2	1590.6	1587.2	1761.6	1844.3	1778.5	1844.3	2196.3	2332	2002.9	2629.2	2733.9	2362.6	2929.9	2728
"f4896"	1064.6	965.8	925.9	978.3	1118.7	899.7	949.3	1161.5	1185.9	1176.8	1077.6	1052.2	944.8	1193.4	1145.3
"f4938"	3012.2	2714.5	2675	2945.2	2959.1	2544.7	2704.3	3071.4	3048.4	2977.9	3718.5	3884.3	3055	3876.4	3885.4
"f4960"	1025.2	808.7	852.3	968.8	1019.9	992.3	1099	1138	1216.1	1075.4	1619.6	1783.2	1417.2	1859.3	1730.5
"f4978"	705.6	542.4	583.9	662.5	708.8	688.4	750.9	856.5	921.9	817.2	1165.4	1217	1014.7	1296.2	1200
"f4996"	1260.8	1147.1	1092	1193.4	1253.7	1036.8	1039.2	1260.4	1283.7	1304.1	1151.8	1213	1083.5	1371.6	1268.2
"f5014"	2099.8	1874.8	1773	1989.6	2138.4	1314.4	1372.4	1662.1	1724.8	1765.9	1535.2	1595	1433.5	1752.9	1734.1
"f5024"	176.2	160.9	171.5	176.5	166.1	172.3	158.6	190.8	199.4	215.9	277.6	227	215.1	266.4	265.5
"f5034"	2048.5	1881.9	1684.5	1811.2	2319.8	1396.5	1424.7	1698.2	1790.5	1760.4	1434.6	1547.8	1442.2	1814.1	1755.7
"f5129"	815.4	695.2	621.3	710.9	785.7	602.8	671.5	737.1	816.7	816.7	929.2	912.9	785.6	997.3	1017.9
"f5148"	865.4	729.7	756.1	826.6	891.7	922	959	1105.3	1173.7	1019.4	1402.7	1645.4	1412.7	1810.3	1570.1
"f5196"	1084	975.4	951.1	1024.9	1105.9	819.4	877	1108.2	1039.8	1051.8	946.6	1021.2	883.5	1106	1073.8
"f5212"	3551.4	2842.5	2598.5	3113.7	3025.7	2886.8	3128.5	3501.7	3785.5	3240.1	4299.1	4381.8	3966	5135.2	4208.5
"f5262"	2279.9	1769.9	1693	1858.9	2211.7	1226	1378.4	1681.4	1718.6	1916.6	1557.5	1539.7	1414	1775.7	1830.8
"f5372"	144.7	123.8	135.4	115.6	140.6	117.5	135.7	155.6	158.2	143.8	138.5	149.4	130.5	160.6	149.2
"f5480"	443.3	338.6	372.7	413.4	423.4	353.7	367.9	439.1	469	500	537.6	530.2	448.3	568.5	584.8
"f5535"	656.1	546.1	523.8	569.2	664.9	574.1	632.2	699.5	755.1	777.3	859.7	866.4	756	991.5	960.8
"f5549"	93.1	92.8	89.1	110	132.6	74.9	81.2	100.6	95.3	104.8	109.9	110.5	101.3	128.2	127.2
"f5551"	100.6	92.8	98	99.5	118.3	87.8	107.1	123.6	127.9	129.6	152.5	166.2	139.5	168.3	157.3
"f5579"	446.7	432.8	407.2	453.8	482.9	566.8	647.2	734.1	763.1	765.1	936.5	980.2	900.4	1125.9	1064.9
"f5592"	4947.9	4034.3	4244.7	4667.6	4861.4	4645.6	4680.8	5673.1	5980.6	5447.5	7728.7	8140.6	6462.8	8800.7	8185.4
"f5602"	162.2	143.5	152.5	163.9	176.8	142.8	162.8	195.3	227.7	192.4	244.3	240.4	212.7	297.3	257.9
"f5609"	430	392.2	399.3	422.9	437.9	381.2	431.5	463.7	478.7	525.5	596.9	609.6	491	585.2	631.2
"f5659"	98.8	92.3	80	102.6	104.3	91.6	92.1	105.1	117.1	116.3	138.3	135.4	130.8	150	151.5
"f5681"	747.9	663.8	658.6	721	751.4	481.8	564.3	653.6	662.9	741.2	567.2	567.4	517.5	611.8	608.3
"f5729"	235.6	214.8	195.4	224.9	261	203.4	208.8	249.9	269.6	270.6	300.9	306.9	259.7	326.3	326.9
"f5737"	1068.5	935.6	915	1014.8	1030.2	865	954.3	1112.2	1192.5	1024.9	1287.2	1329.4	1146.7	1417.4	1306.2
"f5738"	2361.4	2016.6	2009.4	2188.2	2448	1487.7	1594.1	1901.7	1937.5	1994.9	1701.1	1776.8	1602.2	2018.8	1955.4
"f5769"	691.1	592	589.1	642.6	679	590	622.2	711.7	756.5	831.7	893.5	893.7	796.9	983.9	947
"f5795"	354.8	256.8	266.2	286.4	377.1	282.8	329.1	367.9	381.2	437.4	478.7	465.3	392.3	516.2	508.7
"f5801"	304.7	260.8	257.7	270.2	295	238.3	267.2	303.1	335.5	316.1	285	283.8	265	315.6	310.9
"f5854"	621.5	557.4	532	548.7	658.2	501.4	524.6	622.9	614	622.3	510.4	556.1	521.3	610.9	592.8
"f5882"	120.4	102.2	96	98.6	106.8	74.1	75	87.4	85.2	98.1	82.2	78.3	75.1	86.9	90.5
"f5974"	286.7	230.8	241.8	248.9	273.4	220.8	249	273.4	307.6	285.4	251.8	273.6	241.9	310.1	285.9
"f5989"	362.4	338.4	308.5	308.7	353.4	293.5	287	351.4	353.4	348.2	343.6	313.5	309.4	372.4	346
"f6035"	487.4	461.3	442.6	503.9	509.3	389.3	438.9	488	497.7	514.6	470.7	472.9	432.2	538.7	481.1
"f6063"	206.8	199.6	198.2	209.2	232.4	200.4	221.7	278.4	281.9	274.4	352	340.2	291.2	370	362.7
"f6089"	504.3	441.8	441.8	476.6	507.8	349.4	374.8	408.5	449	439.5	395.7	414.8	361.9	472.4	439.9
"f6105"	355.6	279.4	264.9	315	342.1	299.8	312.7	367.2	389.6	358.2	480.2	461.3	371.2	491.4	466.2
"f6120"	186.8	152.6	152.6	178.5	172.5	166.2	191.3	222	233.8	221.4	328	301.7	249.9	307.3	308.4
"f6167"	262.6	248	200.7	232.3	245.2	174.6	175.4	207.9	219.9	234.7	207.9	202.4	179.2	213.4	221.9
"f6189"	284.8	268.4	274.8	268.6	312.1	333.6	354.9	420.1	430.6	428	539.5	502	437.7	566.7	527.6
"f6245"	291.9	249.8	239.8	250.7	302.3	249.7	279.3	342.3	344.9	354.3	439.2	412.4	350.4	482.2	452.8
"f6344"	97.4	64	66.8	81.9	101.1	66.8	82.2	89.6	101.3	91.9	110.3	121.3	114.9	128.9	125.8
"f6409"	321.5	301.2	284.7	288.1	305.4	253.6	266.7	317.4	313.5	357.1	407.2	368.4	336.4	420.2	412.5
"f6473"	266.8	217.8	212.2	227.9	258	160.8	181.7	207.7	212.1	215.5	194.2	201	175	231.9	208.8
"f6550"	242.3	188.6	187.8	205.8	230.5	202	192.7	243.4	252.6	278.2	302.3	281.6	250.5	352.9	330
"f6590"	127.5	109.6	116.8	121.5	128.1	147.1	138.4	162.2	173.5	155	206.5	225.5	196.5	241.2	217
"f6624"	322.5	280.4	266.5	304	315.1	198.5	207.4	256.8	246	255.4	248.9	239.3	207.7	251.4	250.9
"f6633"	377.8	352	321.2	365.9	392.1	385	398.1	473.8	470.1	472.9	587.6	546.1	478.4	597.7	575.9
"f6875"	1219.1	934.1	1075.1	1239.2	1435.3	1091.5	1221.3	1318	1345.9	1347.9	1594.6	1710.3	1462	1886.3	1951.2
"f6946"	317.5	289.6	310.8	338.4	376.8	372.6	391.5	454.2	479.6	471.3	552.5	578.9	481.2	640.5	585.8
"f7014"	628.7	579.9	534.4	558.2	667	271.2	321.9	362.3	357.9	442.6	294	280.9	250.7	340.7	319.8
"f7031"	419.3	367.7	324.9	352.2	404.7	284.1	288	381.4	378.3	334.7	297.9	301.6	298.7	388.9	337.9
