"GFP1_1"	"GFP_2"	"GFP1_3"	"GFP_4"	"GFP1_5"	"R17_1"	"R17_2"	"R17_3"	"R17_4"	"R17_5"
"mp39"	150.8	153.5	172.7	202.9	199.3	112	121.3	114.6	117.6	175.8
"mp58"	49.5	51.2	57.3	61.3	59.8	30.8	40	36.3	35.2	40.8
"mp64"	70	59.2	67.4	84.8	78.9	42.5	46	48.6	43.7	43.4
"mp101"	110.4	116.4	119.7	144.3	171	88.5	92.9	88.2	92.3	138.5
"mp104"	40.8	34.2	35	39.7	35	18.7	26.5	21.9	23.9	24.6
"mp109"	176.6	183.4	208.4	210.7	242.2	122.1	143	139.3	148.4	180.3
"mp113"	78.8	76.3	64.7	83.5	82.3	124.3	132.1	126.4	144.4	148.4
"mp124"	61.4	64.5	62.6	72.9	63.9	28.1	36.7	35.1	33.2	38.7
"mp133"	57.5	46.8	56.5	59.1	62.6	29.9	40.6	33.5	32	44.3
"mp158"	20.9	19.5	22.3	26.9	31	28.6	44.4	47.9	44	47.1
"mp190"	36.6	32.5	40.1	49.7	50.5	69.3	66.8	77.7	82.4	85
"mp199"	57.6	64.1	67.6	72.7	76.3	39.5	45.8	42	55.7	63.7
"mp241"	459.2	488.5	520.4	528.2	538.2	161.1	178.4	157.4	167.1	224.1
"mp266"	30.5	33.7	35.5	30.4	35.1	18.1	24	25	23.7	28.3
"mp281"	46	43.3	44.9	48.7	53	24.8	24.7	25.3	25.6	33.9
"mp284"	164.6	156	185.9	202.6	186.2	100.4	129.2	118.3	121.2	158.5
"mp320"	38.3	38.5	42.4	39.5	43.9	23.4	32.4	24.2	28.7	32.5
"mp362"	37	38.6	31.1	56.6	71.9	94.7	92.1	93.1	97.8	148.2
"mp389"	74.8	82.2	91.6	93.2	78.7	57.1	54.4	56	54.3	72.7
"mp401"	77.1	68	83.8	97.3	94.8	55.4	60.2	54.2	60.2	76.5
"mp410"	509.6	492.1	510	586.5	508.8	207.1	249.2	248.7	252.3	260.4
"mp455"	152.8	153.9	159.4	131.3	148.8	92	121.3	105.3	95.1	123.1
"mp459"	26	24.8	29.2	40.7	37.5	56.1	47.9	42	85.9	61.4
"mp488"	34.8	29.4	34.3	38.4	39.5	60.4	69	64.5	61.4	60.6
"mp506"	98.8	92.4	99.1	119.1	120.2	186.7	194.2	190.9	198.4	214.9
"mp508"	91.6	93	103	117.4	134.9	178.4	235.8	206.1	222.6	232.2
"mp557"	118.9	134.7	141.3	145.7	157.8	68.6	96.6	87.5	82.7	122.1
"mp580"	22.6	29.4	32.9	28.6	30.7	48.6	58.5	45.6	53.5	57.7
"mp584"	64.9	68.2	75.1	99.9	110.1	34.7	44.2	43.2	43.4	72
"mp587"	349	354.7	387.9	447.6	478.2	228.4	291.1	284.7	287.3	366.6
"mp609"	47.4	43.5	37.3	54.8	49.3	71.8	83.2	79.8	86.8	90.4
"mp621"	34.1	37.9	44.8	44.2	51.2	129.4	139.3	130.8	134.7	167.3
"mp638"	102.4	105.8	119.7	124.3	128.6	61.6	69.4	64.7	75.7	83.8
"mp644"	149.3	149.4	165.2	161.6	159.1	102.3	108.3	99.6	104.9	116.5
"mp709"	46.3	47.6	51.7	67.7	59.9	81.9	108.2	94.1	90.5	99.4
"mp716"	98.4	100.1	105.8	113	113.3	75	78.7	75	71.8	91.7
"mp729"	72.8	69.6	76.2	85.7	80.9	36.3	49.1	55.2	43.2	49.3
"mp741"	78.8	74.9	75.9	85.4	87.9	41.2	59.3	48.3	43.3	57
"mp759"	50.6	48	50	54.1	56.3	30.5	43.4	38.4	32.5	48
"mp819"	282.2	262.6	296.9	300.1	292.7	171.7	210.4	178.9	195.1	204
"mp855"	57.2	48.3	61.5	78.5	87.7	114.3	121.8	124.7	134.8	161.7
"mp860"	31.3	31.8	39.3	46.3	49.8	14.2	28.5	16.8	14.6	32.8
"mp874"	124	127.9	156.2	164.1	162.2	257.1	325.5	344.1	295.4	353.7
"mp881"	62.2	54.9	62.9	71	66.1	136.3	154.6	142.7	141.7	153.1
"mp887"	30.9	29.8	30.9	35.9	40.1	19	20.8	19.8	18.6	27.7
"mp888"	523.8	564.6	594.1	685.5	695.3	277	316.7	294.3	291.1	353.6
"mp924"	133.4	122.6	137.4	156	149.4	235.6	273.7	251.3	276	284.9
"mp937"	60.7	64.2	65.9	73.8	69.7	117.1	130.2	129.8	134.8	126
"mp979"	107.2	101	114.4	126.1	118.9	63.9	77.8	73.5	78.3	94.2
"mp1006"	185.4	202.6	207.5	218.1	196.2	122.8	138.5	148.3	156.6	153.5
"mp1025"	993.1	933.6	992.3	945.8	911.8	634.8	771.9	753.1	679.1	839.9
"mp1032"	58.6	75.8	89.9	85.8	64.4	194	206.6	198.4	194.3	204.7
"mp1037"	75.2	64.7	82.5	99.2	98.6	129.8	176.8	155.1	159.5	194
"mp1041"	19.7	19.2	21.5	23.3	26.9	39.9	50.8	42.3	45.6	56.6
"mp1068"	49.5	43.4	37.7	54.4	56.1	76.3	81.9	80.3	92.9	92.2
"mp1072"	100.7	106.2	119	115.1	118	60.6	61.2	66.6	79.9	89.6
"mp1078"	55.8	62	60.1	77.4	93	160.8	177.1	169.7	203.3	202.6
"mp1095"	136.8	145	153.2	150.1	124.6	95.2	95.7	103.8	95.8	109
"mp1103"	170.2	197.8	204.3	204.7	211.9	119	121.4	128.9	130.6	139.7
"mp1128"	215.7	215.6	234.3	266	283.9	123.7	133	144.1	154.7	201.4
"mp1146"	128.3	131.5	146.7	165	175.8	288.3	298.1	291.6	337.9	412.6
"mp1177"	62.4	66.3	72.9	79.4	91.5	42.1	46	43.4	48.2	67.1
"mp1234"	78.6	74	69.3	88.4	83.8	130.2	144.5	151.7	137.3	139
"mp1296"	320.7	317.8	349.8	391	429.9	223.9	258.7	254.2	262.5	372.1
"mp1305"	149.6	131.5	117.3	131.3	124.1	88.3	95	100	102.7	103
"mp1319"	194.1	209.3	204.3	227.8	207.1	128.9	153.9	156.7	146.7	171.9
"mp1344"	146.1	131	140.1	158.5	149.5	95.9	112.2	99.2	103.5	119.1
"mp1378"	204.5	207.7	230.2	208.7	217.6	142.9	152.4	162.8	168	173.9
"mp1394"	14.5	21.8	19.5	16.1	21.2	45.9	49.9	44	52.4	59.6
"mp1398"	159.2	152.1	182.1	216.5	200	87.3	95.6	97.5	105.7	117.5
"mp1466"	300	322.6	384.5	402.1	388.7	588.7	712.2	686.4	706	731.4
"mp1476"	476.2	449.9	503.5	611.9	670.1	194.3	231.4	222.5	235.3	376.5
"mp1482"	66.6	72.2	72	75.8	77.8	134.3	141.5	147.1	141	163.9
"mp1500"	109.3	110.2	108.7	132.7	126.6	66.4	74.1	74.8	80.3	99.6
"mp1503"	198.1	185.5	187.3	236.8	247.2	522.5	532.6	486.4	636.3	699.2
"mp1536"	572.2	513.6	531.9	558.5	508.8	311.2	309	328.9	333.2	327.2
"mp1538"	119.9	115.5	135.8	142.4	146.4	212.1	228.2	229.7	236.1	291.5
"mp1543"	40.3	44.3	43.4	43.5	44.3	18.5	20.9	23	20.3	23.4
"mp1560"	416.6	413.1	409.8	435.2	436.6	276.1	314.3	286.1	303.7	388.3
"mp1561"	57.9	57.1	68.7	65.3	69.2	102	115.3	104	114.3	134.4
"mp1585"	75.8	70.1	93.2	89.3	96.3	59.4	58.6	62.9	64.2	70.8
"mp1605"	85.9	72.8	77.3	102.5	97.7	167.4	151.2	168.1	189.1	173.8
"mp1648"	610.6	569.1	634.1	631	602.9	331.6	351.4	325.6	357.3	373.5
"mp1659"	103.6	91.5	97	117.5	101.1	168.8	179.9	181.8	203.7	192.7
"mp1661"	40.7	33	36.7	51	62.1	23.7	29.7	26.7	31.5	49.5
"mp1672"	50.2	48	48.6	53.2	56.1	96.5	93.8	87	99.9	110.1
"mp1685"	231.9	233.4	200.7	235.5	231.9	129.7	177	156.3	150.6	201
"mp1748"	190.9	186.7	199.8	207.3	190.3	85.8	106.2	100.1	107.5	121.9
"mp1753"	50.9	40.6	58.8	59	56	123.8	119.1	134.8	147.5	141.3
"mp1795"	284.6	259.1	274.8	264.9	259.7	157.2	145.5	165.5	152	176.9
"mp1811"	212.8	195.8	224	302.3	295.9	472.3	521.9	498.8	508.8	616.1
"mp1817"	152.3	159.1	167.2	170	161.1	308.4	322.6	321.6	321.4	329.8
"mp1837"	129.7	119.5	146.2	156.6	167.8	246.5	250.5	261.6	270.2	306.4
"mp1844"	61.1	54.1	51	65.6	64.6	105.4	106.4	106.6	116.7	119.7
"mp1847"	93.3	90.9	100.3	99.6	106.1	51.1	65	57.2	66.7	69.9
"mp1860"	46	44.6	55	55.7	56.1	106.8	116.8	129.1	130.7	133.2
"mp1898"	86.7	89.5	76.3	100.5	108.7	56.7	65.3	60.5	59	97.9
"mp1906"	61.6	73.2	84.3	93.4	78.3	48.8	53.7	50.2	55.4	67.1
"mp1962"	22.8	21.4	18.9	31.8	40.7	42.9	50.8	56.7	52	69.1
"mp1969"	298.3	331	364	370.4	402.8	223.8	247	244.1	242	305.1
"mp1974"	58.6	68.6	66.5	67.4	57.8	9.3	9.7	15.6	10.8	16.7
"mp1978"	56.5	56.6	61.4	71.3	87.6	38.1	46.2	50.2	44.9	67.4
"mp2018"	32.7	27.4	30.7	35	32.3	56.8	68.7	68.1	60.9	77.4
"mp2053"	89.1	98.9	107	100.8	98.9	58	80	78.9	71.4	81.1
"mp2068"	105.1	111.9	118.9	145.3	142.1	68.5	92	83.6	95.8	110.7
"mp2081"	26.5	33.5	27.8	33.1	30.7	45.3	56.1	57.7	50	67.5
"mp2091"	147.4	146.7	167.7	166.2	162.4	73.1	76.8	73.1	88.2	98.4
"mp2130"	21.4	28.5	24.6	30.5	35.3	76.3	75.5	73.3	92.1	88.2
"mp2141"	34.3	37.9	47.2	52.8	59	25.1	34.7	35.6	26.1	44.8
"mp2163"	283.2	279.4	316.4	312.8	313.1	171.6	185.2	189.7	160.3	196.9
"mp2203"	119	112.3	125.5	144.4	150.6	225.9	228.5	238.4	239.9	264.2
"mp2235"	49.2	47.8	54.7	61	60.8	118.8	108.6	110.6	110.3	136.7
"mp2238"	161.3	154.2	155	181.5	186	105.7	113.8	103.3	110.6	141.4
"mp2251"	160.2	148.7	155.9	175.7	167	94.8	81.3	78	84.2	84.7
"mp2254"	264.6	254.2	291.1	273.7	297.5	126.5	153.4	150.4	129.3	170.6
"mp2270"	149.6	125.5	154.4	208	209.7	106.8	118.9	116.1	126.7	154.3
"mp2281"	56.5	49.1	63.6	62.8	55.8	32.6	37.4	40.2	30.3	39.3
"mp2288"	180.1	185.4	195.3	196.9	175.6	126	121.5	138.3	132.3	141.1
"mp2298"	232.8	205.4	241.5	216.7	190.1	136.8	158.4	139.2	131.4	142
"mp2332"	323.3	325.1	342.6	349.7	350.7	200.6	207.7	207.4	203.4	256.8
"mp2353"	13.2	14.3	13.2	14.7	17.7	126.4	143.2	138.2	134.4	135.2
"mp2356"	585.9	584.5	655.2	728.7	753.7	459	545.1	472.7	466.4	594.8
"mp2366"	159.9	172.4	171.1	191	217.4	83.7	100.3	101.6	101	134.6
"mp2375"	74.3	68.1	71.5	76.5	83.3	35.7	40.1	47.8	50.1	57
"mp2462"	31.6	36.7	41.8	44.3	52.4	26.7	22	28.2	27.1	30.6
"mp2492"	41.4	44.5	39.8	45.3	46.8	94.9	85.4	76.1	100.5	103.8
"mp2493"	56.8	56.8	57.9	57.9	55	28.6	35.4	40.8	44.9	45.1
"mp2552"	453.7	458.7	481.3	524.7	465.9	173.9	189.9	187.1	195.2	236.2
"mp2561"	46.5	53.1	53.7	58.5	62.2	36.5	39.8	35.8	38.4	47.7
"mp2572"	278.1	273.7	294.7	342.6	334.9	132.2	158.4	163.8	164.4	205.2
"mp2588"	23.9	22.4	30.6	43.1	57.7	53.6	58.4	56.3	56.3	87.9
"mp2590"	96.9	93.2	96.1	129.8	133.5	64.2	67.9	74.7	79.4	95.6
"mp2603"	94.9	86.4	94.5	87.9	103.9	235.1	223.8	230.9	242.3	218.4
"mp2606"	85.8	88.5	88.9	90	92.5	68.2	65.5	62.3	68.1	70.3
"mp2608"	87.1	90.1	102.5	101.1	120	62.1	74.4	71.2	75.7	95.2
"mp2653"	75.5	69.8	76.9	77.2	93.8	156.5	182.2	176.8	174.9	205.5
"mp2660"	32.5	33.4	37	44.9	34.5	24	32.2	24.1	22.5	29.7
"mp2662"	451.3	409.4	396.2	474.9	421.3	265	312.9	288.4	267.2	315.9
"mp2698"	61.4	59.6	69.6	86.6	81.7	125.2	134.3	139	130.3	162.8
"mp2702"	23.8	21.3	27.6	33	27.5	50.8	58.7	64.3	57.3	66.8
"mp2715"	42.4	30.8	37.9	51.5	49.4	114.6	85.1	90.3	236.9	87.6
"mp2739"	129.2	120.7	116.9	129.3	133.6	80.2	85.9	95.4	91.1	98.3
"mp2751"	43.3	49.2	60.3	49.5	63.2	38.9	40.8	38.7	32.7	43.9
"mp2758"	107.2	93.4	108.6	136.7	126.7	187	215.9	194.5	201.9	215
"mp2759"	75.1	80.8	90.2	115	124.9	42	59.7	58.3	47.4	75.9
"mp2760"	12.7	23.1	23.4	18.4	18	48	48.7	44.6	50	53.1
"mp2780"	37	43.9	42	49.9	64.8	104.4	132.5	117.9	127.1	148.3
"mp2801"	110.8	104.2	116.9	127.5	121.8	74.7	85.7	81	78.6	93.4
"mp2807"	17.4	17.6	22	23	25.1	42.1	44.4	47.6	50.9	55.5
"mp2810"	191	171.4	197.7	197.1	195.9	116.3	121.9	108.4	116.7	124.5
"mp2813"	29	36	35.3	38.7	40.7	66.1	58.6	69.4	61.8	66.9
"mp2817"	23.7	27.2	29	27.2	29.7	42.5	57.5	53.1	53.5	57.4
"mp2847"	61	67.2	66.7	75.1	76.7	112.5	123.4	114.7	135.8	139.5
"mp2870"	182.9	186	211.1	233.1	226.3	371.2	389.6	381.7	372.3	434.9
"mp2876"	152.9	154.8	178	191.4	209.7	120.8	142.4	119.9	126.5	164.7
"mp2894"	45.2	35.5	54.5	63.7	62.7	82.5	91.1	98.3	95.6	121.3
"mp2961"	65.6	72.1	63.2	60.5	78.1	53.2	51.8	44.4	44.8	54.4
"mp2965"	19.6	18.5	22.5	23.9	33.3	37.4	38.6	46.9	47.7	46.6
"mp2968"	54.2	57.4	66.4	53.1	58.7	27	38.5	37	36.8	41.7
"mp2984"	33.9	38.3	38.1	57	57.4	28	32.2	23.4	23.3	35.4
"mp2988"	146.1	139.5	143.2	151.1	158.2	73.4	74.8	84.3	85.3	99.5
"mp3031"	156.9	151.5	188.3	174.9	178.9	85.5	95.5	99.8	88.4	113.9
"mp3047"	445.4	408.6	477.8	444.1	443	142.7	180	159.5	158.1	171
"mp3064"	42.7	41.9	51	59.5	61.1	96.8	94.4	104	108.5	115.1
"mp3066"	63	64	66.1	80.3	78.7	37.3	40.4	40.3	38.9	53.4
"mp3085"	165.3	178.4	178.7	171.8	170.6	105.4	132.9	133.4	119	129.8
"mp3096"	192.2	179.1	194.8	208.1	224.6	129.2	132.3	141.5	141.6	192.3
"mp3119"	59.8	83.4	82.2	77	77.8	45.6	54.6	47.1	60.2	60.9
"mp3146"	127.5	122.8	111.6	123.1	117.9	73.3	83.1	82.6	79.5	92.6
"mp3160"	203.1	216.3	229.4	259.3	227.6	144.6	161.3	155.6	161.9	199
"mp3161"	73.1	74.2	84.5	98.3	83.3	55.1	62.7	53.3	63.9	68.5
"mp3167"	69.7	65.4	66.7	67.8	69	37.5	59.4	43	63.4	49.3
"mp3169"	114.4	105	111.5	108.7	92.9	58.5	61.7	51.2	62.9	58.5
"mp3180"	56	47.1	56	56.8	69.7	39.5	40.9	35.8	43.4	48.1
"mp3257"	24.2	32.1	24.2	29.5	32	45.2	47.7	53.5	52.1	57.5
"mp3285"	63.2	55.9	58.1	67.6	91.7	41.1	38.3	42.5	53.6	68.3
"mp3290"	142.9	134	143.5	140.8	140.2	317.8	333.6	328.1	297.9	303.9
"mp3293"	76.7	71.2	76	79	82.8	41.7	53.4	50.3	47.3	57.8
"mp3342"	252.3	263.2	282.5	297.1	300.7	487.5	507.5	515.8	531.7	576
"mp3400"	144.1	128	123.9	176.4	169.6	89.5	115.2	108.1	104.4	115.5
"mp3431"	151.3	153.7	175.1	191.6	172.4	100.8	117.6	123.3	124	160.1
"mp3432"	203.1	192.2	222.7	226.6	229.3	133.3	144.3	145.7	155	183.8
"mp3451"	88.3	78.7	86.8	101	101.9	156.5	173.5	164.1	179	181.7
"mp3472"	109.6	111.5	114.4	126	112.9	45	52.7	71.2	63.6	74.5
"mp3484"	41	46.3	44.6	49	47.8	19	17.2	15.5	24.7	23.2
"mp3490"	36.7	30.8	32.3	37.3	48	23.6	22	27.5	24.3	32.3
"mp3505"	119.7	106.9	133.2	126.5	129.6	62.4	68.3	55.1	67.6	75.3
"mp3557"	96.1	97	108.3	119.1	121.9	71.1	72.3	69.8	79.9	90.6
"mp3561"	209.2	165.2	206.7	198.5	198.1	99	118	108.7	99.4	127.6
"mp3580"	74.8	79.1	76.2	86.5	82.9	43.3	53.6	43.5	48	44.8
"mp3586"	62.5	55.5	70.1	67.3	56.6	181.1	188.1	185.3	168.7	193.2
"mp3590"	117.4	98.5	114.6	133.2	132.7	74.6	85.1	76.9	87.4	103.6
"mp3642"	115.7	125.2	129.9	148.3	146.7	238.5	258.1	261.1	265	297.3
"mp3647"	112.4	94	111.1	135.7	133.8	72.9	80.6	66.1	61.8	82.7
"mp3683"	41	41.7	42.8	44.6	43.2	70.7	67.6	77.8	80.4	82
"mp3711"	32.3	28.8	31.1	36.4	42.2	20.7	26	17.6	19.9	33.4
"mp3729"	14.3	18.5	11.6	16.2	18	61.4	66.4	61.1	66.7	62.5
"mp3734"	15.8	12.7	11.6	10.3	17.6	32	36.6	36.1	36.1	35.2
"mp3748"	60.6	51.3	57.5	82.4	83.5	110.7	138.5	151	143.6	155.1
"mp3758"	25.3	19.1	23.6	26.3	25.8	88.2	43.9	50.1	70.6	74.7
"mp3761"	23.1	24.6	25.1	29.2	36.2	39.8	47.6	45.7	50.7	60.1
"mp3823"	38.6	43.7	43.7	52.2	52.7	73.9	97.7	88.3	84.6	87.4
"mp3835"	116.5	112.9	117.6	143.7	180.9	204.1	222.9	223.5	231.9	295.5
"mp3875"	35	37.1	37.8	45.1	47.3	22.8	29.8	27.3	25.8	34.5
"mp3923"	114.8	112.7	123.6	126.7	104.4	76.5	77.4	74.5	75.9	87.6
"mp3943"	91	96.8	106.5	109.2	108.1	177.8	172.8	194.7	187.7	199.9
"mp3965"	77.5	75.8	85.3	97.3	111.1	51.5	50.6	54.5	49.8	92.2
"mp3970"	40.9	35.8	42.8	46.1	35.5	66.1	76.5	77.5	61.5	83.1
"mp4004"	44.1	43	53.5	55.2	66	92.4	90.7	95.2	100.3	120
"mp4025"	392.3	370.6	400	419.3	390.2	177	187.3	210	187.8	233.4
"mp4038"	368.3	346.1	420.9	381.1	380.7	238.3	297.3	285.6	260.2	324.7
"mp4053"	49.5	54.8	52.6	48.7	57.5	36	37.1	32.3	38.1	46
"mp4054"	56	51.2	71.3	77.1	68.6	123.8	129.5	125	147	151.7
"mp4073"	87.2	89.5	98	97.1	109.3	38.4	43	49.1	46.2	58.6
"mp4109"	522	535.6	570.8	576.4	527.3	361.5	404.6	424.6	406.5	447
"mp4111"	60.5	53.8	61.8	65	59	38.2	40	37.9	47.5	52.1
"mp4141"	51.4	52.2	55	50.5	48.7	125.1	166	151.5	148.3	176.2
"mp4153"	248	240.5	269.6	285.7	264.7	176.3	198.5	196.7	180.2	228.4
"mp4178"	81.9	94.4	104	113.9	99.3	131	184.9	189.7	189.8	189.8
"mp4193"	37.7	45	41.9	50.1	47.3	92.1	125.4	119.4	124.7	128
"mp4210"	230.6	230	257.8	249.7	239.5	422.1	517.4	478.2	451	502.5
"mp4254"	76.7	76.6	85.8	101.3	87.1	47.8	57.6	59	57.9	77.7
"mp4255"	9.8	11.8	12.3	12.3	18.8	35.2	33.9	33.9	35.1	37
"mp4260"	65.2	57.5	64.4	78.5	80.7	41	45.9	44.1	49.4	61.1
"mp4265"	120.4	111.4	129.1	149	141	218.4	243.7	218.2	243.2	241.2
"mp4293"	185.3	189.7	208.7	222.7	231.7	91	105.6	104.4	111.5	151.3
"mp4295"	201.1	194.6	201.6	179.2	173.6	106.7	114.8	102.4	105.5	119.5
"mp4324"	71.1	68.6	82.8	83.8	95.2	42.2	51.9	62.2	58.8	73.5
"mp4332"	418.4	406	470.4	440.7	422.7	285.6	300.7	271.4	277.8	309.2
"mp4338"	89.9	81.2	92.7	88	77.3	34.6	39.4	39.9	36.1	41.8
"mp4346"	133.5	109.3	133.5	138.1	164.6	232.8	278.4	249.3	232.9	329.1
"mp4366"	13.6	15.6	17.2	19.1	19.6	31.4	43.6	47.2	47.2	48.2
"mp4371"	145.1	147.9	156.8	170.2	179.3	96.1	103.6	106.6	105.5	122
"mp4373"	19.3	17.3	18.4	26.2	24.9	82.7	95.1	90.1	102	102.8
"mp4379"	183.2	185.8	215.8	232.1	259.3	136.2	154.3	153.1	162.8	216.9
"mp4381"	34.8	35.1	43.6	40	46	22	33.8	29.1	23.2	37.5
"mp4412"	9	12.8	9.4	14.2	21.9	50.3	59.7	61.4	49.2	69.7
"mp4422"	155.5	162.6	171.7	206.1	221.1	88.8	112	111.2	109.9	160.8
"mp4432"	136.3	143.2	145.9	132.4	135.5	372.9	414.3	367.6	386.6	409.9
"mp4467"	27.3	26.4	28.1	29.9	32.4	50.7	49.4	42.2	59.9	65.8
"mp4491"	67.6	76.9	84.1	70.9	81.5	42.9	53.5	59.1	60.1	57.1
"mp4492"	79.1	78	82.5	82.2	91.5	56.6	57.5	50.7	65.1	68.1
"mp4497"	60.7	102.9	69.4	62.4	66.6	45.3	63.9	48.1	48.7	55.3
"mp4518"	188.8	181	188.1	193.9	192.8	123.9	131.2	116.8	116.2	149.6
"mp4523"	169.2	158.6	176.3	177.9	166.5	110.1	125.1	108.7	112.1	157.6
"mp4547"	706	789.8	880.8	791.5	753.2	518.1	632.6	598.9	584.7	692.4
"mp4602"	213.9	223.1	232.6	257	270.6	378.6	425.7	411.3	416.8	489.7
"mp4608"	105.4	96.5	95.5	97.4	93.4	274.5	226.9	264.2	266	278.1
"mp4637"	37.3	39.1	43.3	61.8	53.5	128.3	108.2	93.7	150.5	135.8
"mp4649"	88.4	77.9	79.7	73.4	66.3	50	54.3	58.9	50.4	72.3
"mp4671"	63.6	62.3	69.8	76.3	83.5	21.8	27.1	29.3	21.7	43.4
"mp4676"	360.6	370	411.7	415.6	390.6	223.8	244.2	243	256.2	281.7
"mp4677"	484.9	459.5	530.4	479.1	478.1	331.9	326.2	280.4	365	314.7
"mp4695"	122.5	124.7	148.8	144.8	162.9	88.8	107	88.7	104.9	118.4
"mp4703"	99.7	98.6	120.5	106.4	93.1	53.6	67.5	65.4	59.4	68.5
"mp4726"	48	45.8	51.1	52.1	52.8	103.9	96.7	94.4	114.4	109.7
"mp4741"	42.9	37	40.8	43.6	41.2	29.6	20.8	26.7	27.5	36.2
"mp4743"	33.7	29.7	39.2	31.2	31	76.2	55.9	87.5	74.5	78.6
"mp4799"	55.1	55.1	59.7	69.3	67.8	32.3	40.6	33.1	39.2	62.7
"mp4813"	7.7	8.6	13.1	11.4	14.3	28.1	37	35.4	40	42.1
"mp4831"	177.6	166.5	188.7	198.5	187	109.2	135.8	134.6	137.6	148.6
"mp4843"	109	104.3	112.1	112.8	94.5	67.1	71.2	69.4	73	80.8
"mp4868"	31.3	34.9	41.8	42.6	41	80.3	93.4	83.6	99.3	103.7
"mp4870"	59.3	60.5	79.5	71.1	72.9	139.6	172.6	146.4	157.7	155
"mp4906"	14.3	20.4	25.7	27	30.4	36.4	41.2	38.8	47	50.2
"mp4908"	121.6	125.8	134.2	127.3	137.9	85.5	105.2	99.6	84.6	111.3
"mp4923"	44	39.9	46.8	55.2	54.3	78.9	97.8	86.8	96	111.4
"mp4930"	515.9	465.8	489.6	585.8	509.9	329.7	357.6	322.8	346	386.4
"mp4944"	302.7	272.8	335.1	405.6	382.1	139.1	161.2	156	157.1	203.8
"mp4951"	76.5	72.2	82.7	83.9	79.4	49.5	56.3	60.3	61.3	63.9
"mp4961"	177.1	170.6	181.2	202.2	180	121	131.8	145.5	125.3	137.4
"mp4990"	140.3	131.8	173.7	130.1	144	86.5	111.2	97.8	109.8	104.3
"mp4992"	62.7	73.6	72.1	73.1	80	113.8	132.5	137.8	146.5	143
"mp5024"	219.5	224.4	249.4	215.5	242.7	139.5	158.6	142.9	147.5	168.9
"mp5030"	22.8	19.1	28.8	27.3	21.5	47.9	66	62.8	62.7	68.7
"mp5049"	20.1	19.4	17.9	23.2	24.2	37.3	35.8	41.5	45	47.4
"mp5071"	23	19	19.9	31.3	23.7	36.2	40.7	35.9	44.9	48.4
"mp5089"	59.6	55.9	63.1	74.9	81	35	47.1	47.3	43.7	53.4
"mp5095"	32.3	35.3	34.7	35.1	40.5	45.7	70.1	67.7	67.2	64.3
"mp5109"	164.6	178.8	196.5	193.8	189.4	110.7	127.5	126.7	138	141.5
"mp5129"	403.3	409.5	430.8	448.6	419.1	291.9	332	297.4	298.1	333.6
"mp5139"	63.5	61.8	62.8	65.6	73.5	33.1	39.3	33.5	46.5	49.8
"mp5169"	27.9	28.4	28.7	34.4	41.2	47.1	58.1	52.6	47.8	75.9
"mp5177"	105.1	92	112.2	111.3	106.4	57.9	74.5	67.3	74.5	94.7
"mp5182"	150.8	123	140.7	150.4	150.1	87.3	101.3	98	95.9	114.1
"mp5185"	484	453.3	484.3	481.2	466.2	298.2	331.2	302	330.1	338.2
"mp5188"	10.3	10.7	14	20.5	19.8	60.2	74.1	72.1	72.2	90.1
"mp5191"	172.4	158.9	175	185	176.2	89.2	124.2	117.4	107.5	148.1
"mp5262"	61.4	65.8	81.4	68.4	85.1	29.3	36.8	37.3	42.7	43.7
"mp5273"	146	143.9	140.4	168.2	182.9	97	124.1	114	111.4	138
"mp5286"	67.6	75.3	75.2	66.3	76.5	107.1	124.3	145.6	147.2	149.6
"mp5317"	166.8	172	182.3	232.5	247.7	124.2	139.3	124.8	132.5	193.6
"mp5354"	67	58.6	54.7	78.2	65.6	37.6	41.5	45.2	39.2	47.8
"mp5390"	57.1	48.7	39.2	60.9	64.7	88.8	93.5	82.1	100.6	101.1
"mp5408"	59.9	62.4	58.4	76.3	65.9	37.9	47.4	41.4	52	61.6
"mp5450"	41.4	31.5	39.1	55.8	44.1	108	70.2	70.5	103.4	86.8
"mp5457"	473.6	435.3	504.1	564	596.2	309.5	336.2	349.6	355.1	409
"mp5460"	44.5	42.6	42.9	52.7	46.5	79.2	100.4	90.1	73.4	81.1
"mp5465"	178.5	166.9	191.6	200.4	199.5	120.2	126.4	124.9	125.9	165.4
"mp5487"	47.3	38.3	52.3	67.1	81.5	119.2	130.2	122.2	136.6	156.7
"mp5529"	99.1	91.6	100.8	118.2	132.9	188.7	210	199.2	206.5	225.9
"mp5563"	37.2	41.7	42.5	43.5	53.5	86.4	96.2	94.6	91.7	100.2
"mp5573"	17.8	16.1	20.9	24.1	22.4	35.8	45.3	42	39	50.8
"mp5588"	36.2	36.4	34.9	41	43.6	86.8	97.1	86.1	103.9	117.8
"mp5601"	195.3	192.9	207.5	208.2	211.4	103.1	124.5	103.1	119.6	135.8
"mp5604"	102.3	109.6	122.2	123.2	135.3	44.7	65.3	56.3	59.5	82.6
"mp5636"	223.1	216.8	243	288.8	321.5	496.8	548.5	515.6	539.2	613.2
"mp5673"	127.7	122.9	149.2	195.2	248.5	242.2	300.6	259.7	261.1	390.9
"mp5675"	138.4	137.5	143.6	159.7	140.3	563.3	602.5	595.8	603.9	627.1
"mp5676"	75.9	73.9	82.7	82.4	86.9	157.9	156.3	177.9	176.3	165.5
"mp5690"	79.3	76.1	84.3	87.5	84.4	53.4	65.6	60.1	58.7	71.6
"mp5709"	67	68.9	79.6	78.9	75	117.7	139.9	138.5	117.6	137.5
"mp5713"	173.5	191.7	217.3	230.6	230.7	96.1	107.2	100.7	100	136.2
"mp5744"	92	73.7	91.4	92.6	89.5	51	59.4	57.8	80.8	62
"mp5778"	35.1	41.3	34.7	41.9	46	73.6	68.9	74.1	81.3	76.3
"mp5784"	29.6	32.6	34	35.9	33.6	70.3	85.7	73.6	71.9	78.7
"mp5792"	49.2	49.5	56.6	73.8	64.2	91.5	105.8	108.9	101.9	120
"mp5803"	237.7	241.9	276.7	252.2	260.1	160.7	164.6	172.4	177.8	208.8
"mp5817"	36.4	34.7	45.3	42	41.3	27.6	32.2	26	24.1	27.3
"mp5842"	103.4	118.3	125.5	134.6	145	217.9	247.6	240.7	261.7	286.8
"mp5865"	217	198.3	223.1	266.4	259	139.5	140.9	157.3	179.5	194.7
"mp5901"	59.5	52.5	55.9	66.9	59.9	119.4	135.8	130.6	116.7	138.1
"mp5920"	46.4	42.9	56.5	53.4	52.1	129.3	133.7	130.7	144.5	165.3
"mp5951"	123.8	114.2	125.5	138.1	138.8	42.6	46.7	53.3	50.2	65
"mp5970"	251.2	248.2	248.1	259.7	251.1	559.4	708.9	594.2	626	592.2
"mp5976"	154.1	148.6	160.9	176.5	188.3	95	110.8	104.3	104.6	140.9
"mp5983"	21.7	23.6	26.8	30.3	34.6	65.7	82.2	74.9	71.9	90.1
"mp6164"	144.9	169.2	169	153.1	169.3	92.8	119.8	123.9	99.1	141.8
"mp6191"	69.2	60.2	70.5	73.4	74.1	117.6	150.7	130.9	135.2	146.6
"mp6212"	57.6	60.4	69.1	58.2	57.8	40	43.5	43.9	44.6	45.4
"mp6243"	50.2	43	52.8	66.1	67.3	102	94.9	96.7	139.4	139.7
"mp6251"	79.9	92.2	94.4	87.5	83.5	38.8	40.2	37	48.8	48.8
"mp6382"	30.3	28.4	28.5	26.8	42	73.8	61.8	66.7	91.3	99.6
"mp6386"	200.8	205.8	215.5	237.2	211	353.9	375.3	384.5	404.6	406.1
"mp6417"	90.7	80.7	86.1	109.8	119	60	71.7	63	67.3	97.3
"mp6439"	36.7	37.1	40.5	56	51.6	25.6	24.5	28	28	36.1
"mp6441"	70.5	75.9	84.8	87.4	82	47.1	51.8	45.2	52.2	59.7
"mp6466"	50.4	51.2	55.1	63.1	60	93.5	112.9	104.4	119.8	129.2
"mp6474"	104.1	101.8	103.5	128.6	118.5	51.7	74	69.1	72.2	89.3
"mp6477"	43.6	40.1	53.5	56.2	56.1	29.1	32.2	30.4	27.6	42.2
"mp6496"	249.3	231.9	253.9	279.5	250.8	113.3	128.1	114.3	127	148.7
"mp6497"	266.9	254.3	281.5	337.8	322	95.9	108	116.4	109.4	178.5
"mp6541"	117.7	119	127.6	136.3	142.2	76.3	90	76	98.2	121.1
"mp6574"	64.6	55.4	75.2	85.7	96.2	100.2	121.6	128	134.6	167.2
"mp6595"	159.5	162.5	183.9	195.4	194.1	104.2	114.2	109.9	114.4	118.3
"mp6604"	26.2	27.1	24	33.2	39.3	43.5	53.4	52.9	61.7	68.8
"mp6629"	61.6	59.3	69	75.8	60.5	16.3	27.1	21.4	21.7	24.2
"mp6636"	364.4	421.8	452	459.1	466.7	168.6	215.4	193.1	200.9	253
"mp6658"	19.7	22.4	19.5	35.9	27.2	55.8	71.8	71.1	73.6	66.7
"mp6663"	20.6	17.6	21.6	25.1	33.7	42.4	48.6	39.2	42.8	52.5
"mp6733"	107.9	102	112.9	127.2	146.4	54.2	61.1	69.9	72.1	90.2
"mp6747"	33.4	35.3	43.2	37.7	41.3	63.6	69.4	70	74	78
"mp6770"	146.9	125.7	133.4	146.3	143.3	279.9	261.4	290.7	273.7	307.1
"mp6790"	82.2	72.7	80.7	83.6	84.7	28.6	43	49.1	45.9	49.6
"mp6809"	61.4	62.2	73.8	84.6	84.9	111.1	142.7	131.8	128.9	157.5
"mp6814"	71.3	80.8	86.5	94.7	99.5	184	195	184.8	223.7	231.2
"mp6818"	295.1	300.1	335.8	365.1	360.3	162.3	173.8	176.7	189.3	223
"mp6846"	155.2	150.2	186.2	159.2	155.5	94.3	104	92.6	108.6	123
"mp6861"	281.6	276.6	317.9	348.5	302.7	189.1	210	217.8	231.6	221.1
"mp6873"	66.6	66	71.2	78.8	72.3	48.4	46.4	42.6	49.9	56.6
"mp6906"	21.3	18	25.2	25.8	26	55.5	64.1	62.9	70.6	70.7
"mp6908"	162.2	141.4	140.7	180.6	168.9	105.7	105.9	107.8	107.2	108.6
"mp6921"	41	40.2	43.8	44.8	51.9	60.9	83.6	83.9	96.9	85.3
"mp6932"	22.7	29.3	23.4	24.4	30.3	45.1	54.8	53.5	60.1	67
"mp6933"	24.5	26.3	30.8	34.5	30.9	53.3	62.7	69.2	66.9	71.5
"mp6961"	86.8	66.4	72.6	87.1	92.5	136.8	138.8	135.3	140.9	170.4
"mp6995"	63.3	53.1	62.5	68.4	71.1	30.2	40.9	40.8	36.6	56.1
"mp6996"	55.2	59.9	59.5	72.8	69.2	34.3	38.9	33.2	43.6	57.4
"mp7006"	70.2	68.2	66.7	92.8	97.3	128	125.7	133.3	143.9	159
"mp7016"	63.1	63.7	72.2	66.5	76.4	134.2	156.8	149.3	156.1	164
"mp7039"	127.9	93.9	78.7	65.3	79.8	83.7	63.8	55.4	45.7	55.7
"mp7072"	50.9	56.8	77	65.1	65.8	40.4	43.7	45.4	44.6	46.2
"mp7081"	405.2	401.9	434.4	506.6	491.7	291.5	323.5	334.2	326.6	416.5
"mp7096"	96.6	98.9	125.7	124.1	123.7	292.6	308.7	335.3	338.7	361.8
"mp7124"	30.8	36.2	40.9	50.5	49.2	18.7	26	24.1	27.5	34.1
"mp7138"	68.5	84.4	95.1	110.4	103.7	44.2	55	51	56.5	65.8
"mp7153"	250.9	246.9	306.3	214.2	217.1	150.3	182.8	158.6	161.8	159.6
"mp7163"	89.6	83.2	100.9	119.3	96.3	182.5	210.3	174.5	205.3	201.5
"mp7181"	42.6	34.2	43.9	45.8	46.3	25	27.9	31.4	23.4	36.8
"mp7225"	184.6	193	226.6	235.9	252.2	97.6	112.8	111.1	124.2	156.3
"mp7230"	56.5	61.1	62.5	61.1	62.9	132.4	154	149.7	151.1	160.2
"mp7232"	48.4	50.3	59.7	54	61.9	120.7	120.8	132.4	129	130.8
"mp7249"	38.3	40.9	45	51	37.5	18.3	19	22.3	20.8	23.2
"mp7264"	263	242.2	277.9	245.6	296.5	184.3	186.5	176.4	172.8	205
"mp7274"	84.7	89.6	98.9	109.7	126.4	151.3	177.8	170.9	178.7	222.9
"mp7282"	441.1	437.1	426.1	461.8	407.1	291.5	306.8	339.2	280.3	325.4
"mp7284"	452.2	418.5	450.9	501.5	509.3	340	294.2	296.4	331.3	365.9
"mp7292"	72.9	67	70.6	74.1	71.8	113.3	127.8	136.1	125.3	132
"mp7328"	219.5	229.2	223.1	238	242.9	129.8	140.4	141.6	144.4	167.1
"mp7390"	20.5	28.6	23.7	32.3	22.4	75.2	81.7	82.2	74.8	77.7
"mp7425"	38.1	47.8	42.9	41.9	44.1	100.6	107.3	102.2	103.6	115.6
"mp7427"	165	187.9	207.8	199.3	212.9	321.1	362.1	342.3	379.8	416.7
"mp7428"	39.1	35.8	45.7	57.4	44.5	86.9	69.5	69.6	87	77.7
"mp7459"	81.8	76.8	76.1	92.4	99.8	45.4	55.3	52.5	56.4	60.7
"mp7466"	160.1	164.4	162.5	180.4	159.1	85.7	104.9	106.8	110.2	120.4
"mp7488"	114	112.6	111.2	127	141.8	218	243.5	260	250.7	280.6
"mp7512"	215.1	213.4	218.6	235.8	267.7	116.5	138.2	131.4	153.6	174.9
"mp7521"	68.4	72.8	78.1	85.9	83.5	159.8	176.7	157.9	190.6	198.9
"mp7591"	165.5	170.6	211	187.9	200.2	102.4	112.3	113	114.5	124.4
"mp7601"	77.6	86.6	96.5	87.9	90.2	44.8	44.8	45.1	47.9	49.7
"mp7640"	41.1	47.4	50.1	56.8	59.3	22.4	34.8	31.6	34.6	54.7
"mp7691"	110.6	107.8	99.2	81.6	89.4	175.6	174.2	203.1	197.7	147
"mp7725"	296.1	282.8	327.7	365.6	342.6	183	194.5	189.6	201	249.3
"mp7767"	88.8	92.4	96.9	102.8	91.8	149.6	161.5	167.2	166.3	178.4
"mp7776"	264.5	256.3	270.6	303.8	245.1	172.7	198.5	214.4	207.7	213.5
"mp7784"	14.2	17.1	21.5	29.4	20.4	32.3	43.7	40.6	43.9	45
"mp7875"	205.1	189.4	195.7	225.9	251.2	460.4	504.7	503	486	587.9
"mp7911"	120.3	109.4	112.9	140.5	136.6	64.1	66	72.8	75	75.8
"mp7913"	35.5	31.7	40	49.6	47.7	84.6	84	80.9	88.5	85.6
"mp7916"	14.3	16.2	15.1	23.6	17.5	40.7	38.3	44.5	49.5	59.8
"mp7989"	50.5	47.1	42.4	55.7	47	119.8	134.2	138	130.7	127.5
"mp7995"	75.9	69.3	78.1	90.4	79.2	49.3	52.7	43.7	52.4	51.4
"mp8062"	273.9	276.3	327.6	334.8	323.1	161.3	174.9	185.3	169.7	221.8
"mp8083"	203.9	207.9	225.9	231.2	213	316.9	404.5	381.4	392.9	428.7
"mp8120"	167.4	156.5	167.9	176.6	184.3	84.1	98.1	81.2	90	99.2
"mp8178"	63	61.3	68.7	81	75.6	125	153.8	130.2	154.1	170.8
"mp8201"	39.2	43.5	41.5	37.2	44.2	26.8	28.6	24.2	33.4	35.6
"mp8247"	225.6	203.4	271.1	206.4	245.1	114.6	116.6	88.9	97.6	147.5
"mp8274"	27.9	24.8	31.5	34.1	30	82.2	86	91.6	90.9	90
"mp8289"	59.3	68.4	70.1	76	73.1	38.8	47.3	37.1	39.6	46.5
"mp8299"	45.5	46.3	46.7	46.8	51.1	78.9	100	86.1	90.2	90.7
"mp8320"	107.6	91.8	95	111.3	113.5	32.7	33.8	37.7	35	45.4
"mp8354"	62.7	58.8	62.3	63.1	65.2	32.3	37.2	39.8	37.6	43
"mp8357"	52.7	51.5	58.3	56.9	65.1	104.1	114.7	131.1	124.5	135.6
"mp8361"	95.6	83.7	104.7	121.8	116.6	183.4	182.6	164.5	190.3	231.4
"mp8372"	42.1	41.6	48.3	52.4	51	76.2	90.7	91.8	86.8	107.4
"mp8425"	19.4	16.3	19.6	22.5	22.4	31.2	36.1	32.8	39.5	39.5
"mp8485"	40.3	37.9	55.5	58.2	53.3	23.1	34.2	38.3	35.1	50.6
"mp8517"	10.6	6.3	12.9	10.8	8.5	36.6	44.2	45.8	40	47.7
"mp8595"	65.4	57.8	83.3	67.4	80	39.4	47.5	52.3	63.4	53.3
"mp8626"	38	35.8	44.2	51.8	48.4	67.5	82.3	72	80.5	94.6
"mp8676"	88.7	78	84.3	90.2	81.5	48.4	49.7	49.2	51.7	49.5
"mp8745"	56.3	60.6	62.3	52.4	65.7	34.1	31.6	42.2	35.2	40.5
"mp8783"	17.2	19.7	21.9	22.4	25.1	46.1	55.9	52.3	50.3	59.2
"mp8809"	14.9	17.9	14.2	17.4	20.4	92.6	95.2	115.8	110.5	112.9
"mp8817"	92.2	95.9	96.8	98.5	89.6	48.2	56.3	67.9	59.7	60.7
"mp8822"	15.1	13.3	19.4	21.9	24.2	41.7	41.4	36	46.6	49.9
"mp8828"	40.4	44.5	48.8	47.8	48.2	27.5	29.9	30.9	32.9	40.6
"mp8843"	46.5	46.9	40.7	45.4	49	106.7	105	106.2	104.8	107.6
"mp8881"	88.1	79.2	86.2	93.3	98.8	32.3	42.3	51.7	39.9	61.4
"mp8924"	116.2	114.6	134	141.6	126	68.8	72.5	82.7	77.1	102.4
"mp8949"	306.4	307.6	307.5	343.8	326.8	167.3	184.1	183.6	177.6	201.2
"mp8950"	66	68.3	76.3	70.3	67.2	35.7	39.2	38.1	39	45.7
"mp8960"	67.9	59.5	63.5	72.6	73.5	105.8	123.8	115.2	127	136.2
"mp8963"	66.7	73.4	89.8	99.8	88.6	136.3	159.4	154.6	162.2	196
"mp8970"	159.6	164.5	169.7	178.5	177.6	259	330.7	318.8	292.2	352.3
"mp8991"	30.3	26	30.6	37.1	37.2	53.5	53.8	53	54.4	62.7
"mp8993"	106	93.7	110	111.5	106.6	45.2	52	57.7	60.5	64.5
"mp8994"	41.4	33.9	37.1	42.1	39.5	22.4	24.7	23.8	31.1	27.6
"mp8996"	58.4	48.2	67.2	66.6	65.2	46.6	44.7	38.9	47.8	46.6
"mp9179"	146.1	141.6	133.1	148.1	157.5	77.1	88	78	79.9	99.5
"mp9270"	36.7	33.2	43.6	59.2	58.8	25.8	29.8	28.8	29.6	43.3
"mp9323"	114.6	109	115.5	120.5	128.6	410.2	496.2	473	478.2	488.4
"mp9355"	107.8	111	115.2	108.3	118.6	56.1	60.6	70.4	82.1	78
"mp9358"	93.2	91.4	78.3	97.4	108.9	59.5	64.9	60.4	68.6	90.8
"mp9371"	98	98.6	119	137.5	129.3	66.6	83	78.7	71.2	88.5
"mp9398"	10.5	9.6	10.5	8.9	9.5	40.4	56.3	48.9	45.6	53.6
"mp9406"	48.7	55.9	60.1	74.4	75.5	38.2	35.4	38.6	48	50
"mp9408"	104.9	92.6	112.4	120.4	118	54.9	54.1	57.2	66.5	64.6
"mp9449"	163.6	152.9	183.6	192.9	180	328.7	374.7	361.5	382.6	416.8
"mp9476"	112.5	113.4	129.3	151.9	139.3	296.7	307.7	323.5	340.3	379.8
"mp9527"	63.4	54.1	71	59.8	60	119.7	110.5	135.5	174.7	146.2
"mp9646"	40.1	37	52.2	57.2	58.2	80	83.7	95.1	89.3	117
"mp9686"	21.8	22.6	15.6	26.3	24.5	36.1	41.7	42.2	43.3	42.2
"mp9695"	170.8	156.1	199.6	189.2	201.8	119.7	131.2	126.9	157.4	144.7
"mp9722"	69.4	65.5	72.5	83.2	93.3	143.9	173.3	167.3	167.6	189.7
"mp9740"	439.4	402.7	456.1	509.6	475.3	326.9	341.8	329.1	389.6	375
"mp9752"	252.7	242.4	300.6	291.1	283.4	192	223.5	177.4	197.6	223.8
"mp9775"	308	283.8	323.5	351.8	336.7	207.4	217.7	229.3	246.3	278.9
"mp9783"	52	47	55.9	58.2	73.6	36.1	39.2	39.9	42.5	51.3
"mp9882"	116.1	107.6	140.7	122.2	126.5	55.5	70.2	60	68	77.2
"mp9884"	16.7	16.7	19.2	23.4	24.7	32.1	31.8	32.1	41.9	45.1
"mp9904"	240.8	220.9	246.2	308.2	271	141.9	156.8	156.9	179.4	184.2
"mp9914"	208.9	220.2	233.8	240.5	241.6	398.7	437	433	451.2	483.9
"mp9953"	89.2	75.7	97.8	110.6	105.9	52.1	59.6	70.9	71.7	78
"mp10034"	47.6	36.8	41.1	48.1	41.4	34.3	33.6	22.3	29.6	24.3
"mp10098"	46.7	54	47.4	50.3	55.8	30.4	25.8	32.6	30.8	28.4
"mp10146"	32.6	36.9	37.5	40.8	34.2	76.3	71.3	85.2	86	92.4
"mp10167"	93.5	94.2	102.1	124.1	126.1	235.5	297.6	255.4	259.5	317.6
"mp10247"	32	27.2	34.2	36.2	41.6	75.5	76.9	83.2	72.8	82.1
"mp10255"	192.5	183.8	243.1	221.1	244.6	85	106.6	104.6	114.5	140
"mp10258"	129.3	132.5	142.6	145.9	141.5	331	355.9	316.7	329.9	355.1
"mp10330"	173.6	161.4	185.9	206.4	185.5	81.2	89.6	81.1	86.6	118.4
"mp10354"	85.7	81.6	93.1	92.7	81.3	42.5	37.9	43.7	51.1	46.2
"mp10388"	112.3	107.8	127.3	136.9	141	300.7	351.6	322	341	370.1
"mp10411"	74.4	65.9	84.4	77.3	75.8	131.5	142.3	147.6	141.9	146.9
"mp10415"	18.2	11.5	18.8	26.2	22.7	35.8	39.4	38.4	42.3	50.3
"mp10467"	103.2	95.3	108.4	108.5	117.5	76.3	72.9	79.1	76.6	78.9
"mp10498"	182.3	176.8	186.9	195.5	199.1	106.8	129.5	134.7	139.3	151.9
"mp10556"	50.1	50.5	58.8	51.2	62.4	29	44.6	38.1	35.9	54.6
"mp10577"	83.7	86.3	89.4	107.8	108.2	55.8	73.9	60.1	69.5	84.1
"mp10583"	101.7	108.1	112.3	104.7	106.1	185.6	219	203	212.6	225.4
"mp10593"	174.3	185.4	161.8	207.1	191.2	328.8	344.4	321.9	278.7	353.6
"mp10598"	39.5	41	42	60.9	69.4	78	97.2	84.6	94.4	123.2
"mp10625"	108.4	120	133.1	134.2	140.5	296.8	328.4	323.5	344.5	389.2
"mp10680"	373.2	342.9	512.4	289.8	301.3	110.8	112.6	127.4	137.4	147.8
"mp10687"	53	43.7	41.9	47.5	39.5	83.8	106.5	92.6	91.3	95.2
"mp10708"	213.3	192.2	206.5	259.4	251.8	138.1	158.7	172.3	144.4	183.8
"mp10765"	74.9	78.8	79.2	88.5	82.7	31.2	46.4	53.1	49.3	44.5
"mp10783"	15.6	18.9	25.3	28.7	26.2	40.8	38.8	35.5	50.9	47.1
"mp10791"	42.3	35.4	37.5	38.7	44.6	70.1	86.6	77.3	81.6	84.1
"mp10827"	36.4	37.4	30.8	45.6	40.8	17.1	22.5	20.7	26.5	25.1
"mp10846"	49.1	54.8	63.5	62.8	52.7	137	160.6	160.9	157.5	159.7
"mp10872"	86.1	80.8	73.3	100.6	79.6	155.2	174.9	195.9	146	181
"mp10874"	66.7	69.6	78.3	84.3	80.2	47.9	50.5	44.5	51.1	49.1
"mp10883"	13.7	9.1	14.2	19.9	15.2	28.1	34.8	39.7	33.3	45.3
"mp10887"	141.5	152.2	158.5	173.5	158.9	88.2	103.9	100.9	106.5	117.1
"mp11039"	462.3	442.3	456.6	530.3	465.5	319.5	366.1	337.3	350.1	358
"mp11042"	35.8	27.1	29.2	32.2	39.1	54.8	53.8	61.4	56.2	61.6
"mp11053"	59.2	59.8	70.1	84.6	85.1	110.5	112.8	111.8	133.3	149.4
"mp11073"	206.5	186.4	229.2	219.3	226.5	112.4	132.5	135.5	142	169.9
"mp11107"	152	161.6	166.9	183.2	187.8	106.8	130	120.7	119.6	140.5
"mp11250"	315.1	311.1	359.7	380.1	376	228.5	251.7	238.9	259.9	295.2
"mp11257"	381.5	399.3	438.1	472.8	466.9	285.3	321.4	304.3	331.7	372.4
"mp11315"	300.6	293.8	316.8	361.2	379.6	193.4	237.4	215.4	244.2	281.9
"mp11322"	95.3	96.8	105.6	110.7	121.2	189.7	193.9	203.2	201.5	236.9
"mp11368"	26.9	30	35.3	34.2	35.4	72.3	78.3	62.8	76.5	87.8
"mp11383"	24	23.8	35.2	31.3	30.7	46.2	57.8	59.1	65.3	65
"mp11389"	35.5	32.7	51.4	40.3	45.1	23.1	27.2	26.4	34.9	32.6
"mp11406"	102.3	94.4	122.7	121.5	126.4	52.6	77.4	68.3	72.6	105.2
"mp11441"	37.6	33	46.5	42.4	41.8	106.8	99.7	130.2	142.8	109.2
"mp11450"	70.6	78.5	81.7	71.1	72.7	42.2	48.2	48.4	51.5	56.5
"mp11466"	87.9	90.8	101.6	99.9	96.9	215.5	218	226.8	243.4	250.9
"mp11483"	72.6	70.9	62.5	71.3	71	35	42.3	41.2	45.1	44
"mp11492"	78.1	64.2	70.5	71	55.7	102.3	128	116.5	128	123.3
"mp11577"	56.6	54	48.2	60.4	54.4	100.2	124.2	121.4	133	144.8
"mp11583"	81.7	91.8	96	106.8	109.1	56.3	60.8	65.1	62.8	72.7
"mp11586"	507.2	553.2	560.3	572.5	564.6	359.3	432.9	449.5	426.6	443.1
"mp11608"	177	176.6	191	187.3	189.8	116	129.7	124.9	125.4	161.9
"mp11669"	246.7	238.3	268.1	307.7	282.2	180.7	206.8	189.1	210.1	224.9
"mp11678"	36.3	36.6	53.4	33.5	29.4	92.7	74.9	94.7	137.2	109.8
"mp11688"	34.4	34.8	44.5	38.1	50.3	59.5	62.3	69.6	78.6	88.4
"mp11699"	77.1	72.3	81.9	82.4	77.9	49.7	58.2	58.4	53.1	57.7
"mp11712"	51.8	52.9	59.6	64.9	63.7	32.2	39.8	37	36.7	49.5
"mp11768"	81.7	87.5	81.8	88.5	87.6	261.6	287.2	281.9	265.1	305.2
"mp11769"	771.8	743	835.6	869.2	838.4	1390.2	1531.9	1460.8	1482.7	1546
"mp11815"	138.3	140.3	177.6	170.9	206.3	96.7	124.3	123.2	124.7	151.3
"mp11822"	27.1	24.7	31.4	32.1	31	46	57.6	63.8	56.1	67.9
"mp11844"	57.1	57.3	70.1	59.1	62.8	33.5	43.3	44.1	46.5	47.9
"mp11848"	300.3	278	302.2	326.2	270.2	204.3	209.9	220.5	220.5	217.1
"mp11876"	462.6	465.4	528.8	478.5	477.1	306.4	322.6	286.2	306.8	322.1
"mp11958"	29.9	28.6	38	35.2	27.8	52.7	53.1	61	57.2	64
"mp12050"	455.8	405.6	467.9	534.4	514.8	282.6	254.7	268.1	319.7	308
"mp12057"	17.5	18.9	22.2	21.8	24.3	31.2	41.2	37.5	36.5	41
"mp12079"	10.7	11.1	12	16	14.1	41.7	44.8	50.7	42.6	48.4
"mp12098"	70.6	52.7	67.6	75.8	64.9	39.3	46	46	53.2	46
"mp12118"	36.6	28.1	40.3	46.7	46.1	65.3	68.1	74.4	70.1	83.8
"mp12200"	17.8	17	13.3	21.3	17.6	30.8	39.2	32.3	36.4	36.4
"mp12221"	119.7	106.5	117.2	123.8	128.4	312	331.8	378.8	353.5	390.1
"mp12256"	144.9	143.9	150.3	163.7	155.6	102.9	111.5	111.5	118.3	116.2
"mp12267"	304.9	306	331.9	334	334.9	221.8	231.7	217.3	245	240.2
"mp12282"	462.1	471.2	491.1	519.1	480.7	818.5	873.4	820.3	853.3	920
"mp12305"	55.1	48.6	55.1	61.2	62.6	26.4	33.6	28.5	26.8	33.2
"mp12335"	180.1	190.6	187.7	202.7	198.5	307	334.2	338.1	336.4	374.3
"mp12345"	97.1	106.6	107.2	124	123.5	67.5	73.4	69.3	76.8	89.3
"mp12350"	181.5	185.1	210.2	194.6	190.1	109	127.4	107.8	123.4	152.8
"mp12373"	82.1	85.2	85.6	98.2	85.8	61.2	69.2	58.9	62	63.8
"mp12375"	79	71	72.2	86.2	85.4	58.1	57.7	55	61.3	56.8
"mp12398"	166.2	161.8	185.2	211.9	220.8	94.7	106.2	102.5	114.1	119.1
"mp12409"	97.2	100.9	105.1	111.3	106.6	271.7	265	252.9	302.1	300.2
"mp12450"	114.7	98.4	110	109.5	101.1	79.2	76.5	78.5	77	83.2
"mp12468"	84.2	79.2	98.3	98.2	91.6	146.3	174	160.9	168.3	181.2
"mp12483"	436	449.2	452	566.9	527.5	902	1021.2	942.3	960.5	1112.5
"mp12491"	89.7	82.5	110.1	123.2	122	70.3	78.1	69.5	75.9	77.5
"mp12492"	157.3	148.1	155.4	179.9	167.4	314.7	357.7	331	349.6	353.7
"mp12516"	57.6	55.1	61.5	68.7	76.5	32.2	31.1	32.4	40.4	42.8
"mp12540"	231.3	216.1	272.4	249.6	255.9	145.5	132.9	128.2	151.6	161
"mp12597"	77.2	76.1	87.4	82	75.1	80.3	64.4	51.2	55.3	49.8
"mp12637"	141.8	140.1	147.7	171.5	166.1	91.9	107.3	109.9	106.1	132.9
"mp12644"	39.7	39.2	43.2	44.6	47.4	65.5	77.1	87.1	79.7	91.6
"mp12675"	38.8	41.6	44.6	56.2	46.9	72	81.8	86.8	80.4	90.3
"mp12689"	209.3	214.4	221.5	251.7	237.2	446.7	526.3	487.9	504.1	548.1
"mp12846"	19	20.4	18	25.6	21.5	61.5	70.9	65.4	72.2	78
"mp12848"	49.5	61.9	52.3	81.2	77.3	95.8	106.8	104.8	116	129.9
"mp12850"	39.3	50	45.3	47.9	51.3	90.1	101	101.5	115.2	113.8
"mp12896"	349.6	344.1	374.3	427.3	411.3	236.9	257.4	247.4	262.9	313.5
"mp12900"	184.9	172.6	188.3	222.8	200	379.9	425.8	443.6	493.8	474
"mp12915"	20	23.3	27.9	33.7	28	54.2	49.5	49.3	45	50.1
"mp12931"	70.4	74.1	70.7	97.2	86.9	39.1	37.9	47.9	40.9	62.9
"mp13022"	19.3	12.3	21	19.4	19.1	45.1	40.3	49.7	57.1	41.8
"mp13024"	17.5	13.5	12.5	16	14.8	41.9	48.4	51.5	53.9	54.9
"mp13058"	9.2	12.5	13.2	15.3	14.9	35.8	43.4	33.8	35.9	37
"mp13080"	167.3	166.3	176	187.8	193.8	101.1	126.1	123.1	117.3	141.3
"mp13184"	51	48.6	53.3	68	54.1	31.8	33.1	42.4	34.9	37.2
"mp13194"	57.5	48.8	55.7	72.9	76.4	161	199.4	178.3	164.8	195.6
"mp13229"	98.4	94	122.7	114.1	133.9	210.4	252	242.5	265.6	280.2
"mp13282"	21.3	28.1	35.5	27.7	32.1	45.8	49.5	53.1	57.5	58.6
"mp13318"	214.7	210.3	226.7	249.3	260.7	143	182	171.1	177.9	214.3
"mp13423"	46.7	37.5	54.3	53.7	49	34.7	31.6	32.6	32.2	32.5
"mp13445"	22.7	27.2	29.1	26.1	27.3	83.8	98.7	94.7	103.9	110.8
"mp13454"	97.2	95	109.9	123.1	120.1	165.9	185.8	200.4	204.9	196.2
"mp13538"	110.4	111.7	123	143.3	129	67.7	69.6	64.4	80.3	73.4
"mp13554"	133.4	118.7	155.9	185.5	151	287.8	226.4	245	324.2	291.7
"mp13611"	41	38.8	41.8	44.6	41.4	15.1	23.2	21.2	17.2	22.2
"mp13626"	44.6	44.5	46.1	66.6	58	23.4	27	28.2	33.1	39.1
"mp13635"	35.2	24	29.8	40.5	36.1	52.2	52.7	58.7	67.5	58.2
"mp13677"	54.8	51.2	51	45.1	56.5	76.8	91.5	93.8	92.1	99.9
"mp13779"	45.8	53.3	51	55.8	56.6	33.6	37.1	37.8	43.9	37.1
"mp13795"	24.7	26	27.6	28.5	21.8	39	53.8	51	60.5	55.2
"mp13914"	111.5	115.7	124.3	108.8	111.2	194.5	198.3	204.6	258.8	206.6
"mp13925"	20.4	25.7	29.6	29.1	24	61.8	67.9	62	70	74.3
"mp13938"	53.8	51.9	56	63.7	67.3	140.3	153.8	139	157	157.6
"mp13943"	72.8	73.6	68.1	90.3	77.2	136.9	138.1	135.2	156.4	138
"mp13955"	24.5	30.3	30.2	30.3	30.4	63.4	76.3	80.7	71	80.9
"mp14010"	34.2	31.4	40.5	44.4	42.8	81.6	81.5	89.6	89.6	89
"mp14021"	74.1	66.4	70.8	82.7	89.1	118.8	154.7	135.2	133.9	151.8
"mp14028"	106	123.1	108.5	127	108	192.1	212	208.3	189.7	213.1
"mp14046"	29.5	24	24.6	30.1	28.3	75.2	86.5	95.5	94.8	92
"mp14048"	109.8	116.6	129	109.7	113.3	75.4	74.5	85.8	96.2	69.7
"mp14053"	244.7	237.6	258.1	331.7	285.7	168.3	198.4	194	185.5	196.3
"mp14105"	83.5	81	87.2	94.3	79.8	229.1	229.3	268.2	252.7	256.3
"mp14110"	118.7	94.8	101.3	107.2	124.5	95.1	91.4	69.7	76	76.4
"mp14146"	40.9	33	33.1	37.7	27.8	82	75.2	81.2	71.9	82.9
"mp14240"	93.8	101.8	117	117.9	121.5	46.1	74.2	58.8	74	67.9
"mp14284"	27.8	29	29.5	29.2	30.1	44.2	58.9	63.6	63.5	62.8
"mp14290"	98.4	96.4	102.6	103	105.4	169.9	193.7	185	202.4	213.1
"mp14344"	21.6	26.2	26.1	31.8	26.3	82.9	108.6	95.1	94.7	117
"mp14347"	15.7	15.4	17.6	20.6	17.5	42.9	57.9	46.6	43.1	55.9
