"GFP_1"	"GFP_2"	"GFP_3"	"GFP_4"	"GFP_5"	"R17_1"	"R17_2"	"R17_3"	"R17_4"	"R17_5"
"mp69"	13949.1	13694.6	15108.6	16395.1	15261.7	8433.3	9611.1	9321.1	9861.4	9909.8
"mp120"	6417.4	6441.1	7072.2	7470.6	7014.7	4763.2	5244.8	5161.3	5382.8	5498.8
"mp122"	5366.4	5317.4	5663.3	5972	5573.6	14301.3	15579.5	14975.3	16009.2	15863.7
"mp133"	3006.9	2959.7	3239.8	3405	3255.1	5748.9	6367.9	5982.3	6657	6551.8
"mp138"	8383	7617.1	8700.5	8962.8	8300.9	6124.4	6549.4	6213.4	7247.7	6891.3
"mp172"	3233.2	3187.1	3445.5	3571.4	3424.9	2226.4	2469.8	2385.5	2569.9	2511.2
"mp191"	5041.3	4969.3	4958.3	5473.8	5326	10493.3	10938.8	10748.1	11401.7	11177.3
"mp196"	5368	5302.9	5673.7	5887.5	5705.1	11791.5	13163.1	12568.1	13620.3	13621.9
"mp214"	6927.3	6692.1	7422.3	7979.8	7418.1	5218.5	5708.5	5432.9	5954.7	5901.7
"mp307"	3365.3	3363.9	3629.3	3855.3	3612.2	9251.6	10395.4	9937.1	10689.3	10756.1
"mp367"	111.7	99.6	124.1	112	117.5	70	76.7	71.6	77.2	78.3
"mp377"	1503.3	1534.4	1640	1727.8	1568.2	2743.1	3001.2	2784.5	3002.1	2933
"mp382"	4867.8	4768.2	5205.3	5440.4	5146.9	8798.9	9324.5	8901.6	10513	10030.3
"mp467"	2586.8	2556.2	2825	2842.4	2675.3	5480.2	5892.8	5699.6	6268.8	6165.1
"mp468"	6024.7	5946.6	6658.5	7030.9	6509.4	3848.6	4314.9	4073.6	4428.1	4347
"mp472"	3232.1	3171.7	3573.7	3578.1	3497.2	2234.6	2421.5	2295.2	2576.5	2515.9
"mp504"	3649.5	3565.6	3939.5	4013.2	3782.2	7980.3	8821.5	8427.5	9135.8	9031.5
"mp594"	9622.6	9121.5	10145.2	11131	9954.7	6324.4	7046.1	6535.1	7404.6	7172.8
"mp627"	1340.1	1315.8	1421	1457.8	1410.4	3147.3	3477.8	3404.9	3641.9	3746.7
"mp657"	1188.8	1180.4	1284.3	1307.2	1271.8	2197	2454.9	2341.2	2559.1	2533.2
"mp692"	2517.2	2334.9	2287.3	2805.2	2594.2	4462.1	4406.9	4432	4800.8	4441.7
"mp722"	5616.3	5798.3	6129.6	6589.1	6296	4033	4562.3	4401.8	4653.3	4508.9
"mp740"	1508.5	1427.3	1458.1	1700.9	1670.9	3163.6	3548.6	3380.4	3677.5	3649.2
"mp746"	3366.1	3348	3610.5	3856.1	3644.2	2367.1	2657.4	2659.7	2785.7	2839.2
"mp770"	2962.7	2996.4	3296.3	3289	3181.1	5206.2	5927	5553.9	5838.1	5915.2
"mp809"	46.6	44.6	49	42.4	43.4	128.4	150	143.5	155.9	148.6
"mp813"	1441.5	1448.5	1616.4	1649.9	1597.3	2574.7	2775.8	2759.6	2914	2964.1
"mp897"	189	187.6	186.9	201.1	209.7	67.9	75	84.9	71	85.7
"mp1051"	2711.5	2731.4	3001.6	3127.1	2971	2055.8	2202	2156.4	2190.6	2266.4
"mp1194"	1838	1838.4	2045.7	2082.6	2029.8	1397.9	1566.5	1499.7	1591.6	1602.3
"mp1252"	3613.6	3493	3850.9	4154.1	3818.7	1190.1	1255.6	1270	1343	1344.1
"mp1261"	190	193.6	210.2	226.7	218.8	333	389.3	366.3	418.8	418.3
"mp1272"	236.8	248.1	269.3	285.3	267.7	501.1	548	563.1	574.5	573.1
"mp1310"	2390.7	2381.9	2670.5	2827	2620.2	1597.2	1743.9	1741.3	1901.4	1883.1
"mp1342"	1061.5	1080.6	1121.3	1151.5	1144.7	2143.5	2428.2	2360.9	2529.5	2540
"mp1345"	980.7	987.9	1067.9	1069.2	1055.4	2015.6	2305.6	2222.1	2334.1	2375.9
"mp1402"	1336.6	1289.3	1233.4	1459.6	1386.8	904.3	1010.1	981.6	1072	1098.6
"mp1474"	183.6	155.8	134.6	182.5	172.4	348	274.9	250.8	343.5	319
"mp1488"	468.3	517.4	573.1	559.4	563.7	917.3	1032.6	988.5	1069.7	1098.6
"mp1572"	1070.6	1049.6	1122.8	1236	1117.1	801.5	874.3	868.6	926	921.7
"mp1577"	136.6	158.2	162.6	152.9	168.3	299.8	339.7	345.7	331	356.8
"mp1606"	627.8	614	667.6	653	682.7	1088.2	1167.9	1158.1	1312.1	1237.3
"mp1663"	228.4	228.2	244.1	250.1	238	426.3	507.4	495.5	491	500
"mp1715"	1098.7	1040.9	1204.2	1278.2	1195.3	761.6	834.1	835	901.5	912.2
"mp1734"	1055.2	988.9	1106.2	1195.7	1157.5	766.5	854.6	863.1	900	878.1
"mp1752"	929.8	909.6	988.8	1054.8	963.7	1668.4	1766.9	1747.8	1859.9	1905.5
"mp1761"	2276.9	2337.1	2557.9	2735.7	2469.6	4358.8	5145.5	4906.6	5233	5248.2
"mp1764"	3661.6	3171.5	3920.2	3494	3037.9	2675.2	2884.6	2204.4	2594	2118.9
"mp1779"	573.6	562	614.2	644.6	578.6	1040.2	1131.3	1088.7	1203.4	1167.7
"mp1811"	535.9	515.8	563.4	594.7	539.4	1137.3	1220.9	1151	1325.9	1282.4
"mp1871"	1212.3	1225.4	1316.9	1360.5	1271.8	847.4	1004.4	931.1	994.7	1018.5
"mp1888"	401.7	401.2	439.6	473.9	435.8	735.3	805	808	868.3	871.7
"mp1920"	1134.9	1086.9	1207.2	1290.9	1211.7	2123.6	2301	2206.3	2626.7	2512
"mp1924"	168.4	171.3	190.3	180.9	174.9	298	318.3	344.2	367.4	360.7
"mp2015"	1257.1	1224.7	1317.8	1323.6	1251.1	2205.5	2329.1	2254.6	2388.8	2375.7
"mp2072"	110.2	123.6	121.5	129.5	131.6	630.4	674.5	664.5	712.7	758.2
"mp2158"	895.9	848.3	937.9	949.9	904	1652.1	1825.1	1781.7	1908.4	1941.3
"mp2160"	642.5	593.1	633.3	686.9	621.6	423.7	453	440.3	507.7	476.9
"mp2194"	70.4	71.3	83.8	89	81.3	206.7	241.2	240.1	273.3	271.2
"mp2200"	354	366.7	380.3	422	401.8	643.8	716.4	704.2	740.4	754.8
"mp2203"	1029.8	1040.5	1113	1168.5	1077.6	633.8	736.1	679.1	775	761.5
"mp2262"	629.5	602	657.2	651.4	649.7	1728.2	1957.2	1919.2	1928.4	2059.4
"mp2298"	513.7	543.4	561.5	628.8	573.6	951	1010.9	972.5	1090.1	1109.5
"mp2315"	253.6	260.5	296.8	312.8	295.2	160.3	181.7	154.2	166.1	158.4
"mp2365"	194.3	182.8	195.6	216.4	190.5	334.8	357.9	370.9	397.2	399.3
"mp2372"	358.5	366.1	385.9	402.2	376.2	252.7	283.7	279.2	290.1	300.7
"mp2379"	110.3	107.6	136.7	117.6	116	245.5	270.8	256.9	255	295.1
"mp2395"	228.8	243	250.5	278.4	265.2	861.8	913	938.6	1066.8	993.2
"mp2414"	228	256.8	243.8	263.7	268.3	643.5	684	669.3	718.2	749.5
"mp2438"	55.1	56.2	55.8	63	64.8	103.4	108	103.4	117.7	131.4
"mp2444"	2929.1	2485.2	2672.7	2790.7	2679.2	2423.9	2448.1	1772.5	1913.6	1849.9
"mp2486"	608.1	598.7	651.1	655.7	625.3	388.4	426.2	413.9	457	455.1
"mp2490"	80.1	72.6	80.5	92.3	70.8	493.7	510.6	509.8	553	546.3
"mp2509"	759.3	756.5	809.2	854.8	822.2	1318	1498.3	1466.1	1537.8	1538.5
"mp2513"	260.9	273.6	267.3	291.6	276.9	549.5	575.7	523.3	621.6	562.2
"mp2553"	1381.5	1275.7	1431.7	1200.2	1082.7	1228.6	1167.1	828.6	876.9	747.2
"mp2596"	273.9	269.1	281.1	296.2	276.6	545.8	616.3	635.3	670.5	652.8
"mp2696"	38.6	51.8	44.3	50.5	48.8	78.1	94.9	92.6	89	92.8
"mp2718"	1837.2	1492	1419	1300	1487.4	1382.7	1194.8	1040.4	1101.9	1092.9
"mp2747"	929.4	713.5	701.6	721.3	843.4	801.6	706.1	519.7	496.1	496.7
"mp2773"	264.7	279	299	325.9	310.3	182.3	193.7	185.6	199.8	202
"mp2784"	322	311.7	324.8	370.6	335.1	579.7	621.2	626.5	645.7	651.2
"mp2836"	149.1	153.5	180.2	160.3	164.8	269.6	305.5	281.9	335.2	316.1
"mp2873"	67.8	66.4	82.5	84.7	72.8	49.6	57.6	52.6	58.9	59.5
"mp2879"	205.6	229.1	226.2	249.9	231.3	442.9	494	450.4	505.4	482.1
"mp2961"	404.3	419	445.1	471.7	448.4	155.7	159.2	164.5	166.4	179.4
"mp2975"	123.4	117.6	127.4	130.5	135	213.7	229.9	225.5	237.5	254.6
"mp3048"	81.6	101.5	113.5	108.4	95	169.5	195.9	187.2	187.6	191.5
"mp3064"	55.7	51.9	56.4	66.1	67.1	173.8	174.9	192.4	214.4	208
"mp3106"	318.4	316.2	343.9	347.9	339.3	1125.8	1304.5	1218.1	1281.4	1304.3
"mp3173"	17.3	19.4	17	21.2	17.6	37.8	48.9	43.9	46.4	45.6
"mp3189"	488.6	474.2	501.4	533.2	455.6	1023.4	1097.1	1123.7	1166.5	1145.5
"mp3227"	626.9	660.9	620.3	703.9	671.4	405.7	475.3	476.8	515.5	508.6
"mp3247"	704.7	702.6	782.5	787.7	744.3	1264.8	1386.1	1278.1	1405.6	1410.6
"mp3449"	281.3	285.1	317.3	338.4	306.3	535.5	576.5	613.3	616.5	645.7
"mp3460"	614.7	532.3	530.5	521	505.4	426.1	416.4	373.6	409.6	388.5
"mp3558"	352.4	312.3	347.2	317.4	304.9	273.2	303.9	233	245	224.8
"mp3576"	393.5	405.3	442.5	466.6	465.4	273.3	325.3	295	315.4	321.9
"mp3587"	487.8	498.8	550.7	547.8	532.2	307.9	363.6	343.2	357.9	359.2
"mp3666"	552.4	454.5	556.1	572	542.6	337.2	361.5	354.7	413.4	374.7
"mp3733"	63.3	68	72.4	79	81.5	148.6	170.6	149.4	159.2	170.3
"mp3764"	85.3	88.9	92.3	100.9	78.1	172.2	211.5	197.4	229.2	220.7
"mp3765"	257.8	246.3	287.7	286.7	256.5	135.6	157.6	163.4	165.3	169.8
"mp3795"	112.9	123.9	149	140.6	128.1	209.3	244.1	228.2	240.9	248.8
"mp3876"	73.7	65.4	60.9	80.6	69.4	24.8	30.1	24.5	30.9	29.5
"mp3881"	304.5	274.3	319.4	334.2	307.5	557.7	584.1	584.1	592.7	570.6
"mp3899"	78.6	81.7	78	84.2	76.2	135.1	152.5	158.5	168.4	149.6
"mp3952"	68.6	67.9	69.3	67.3	68.9	135.7	154.4	166.8	161.3	176.3
"mp3975"	26.2	26	29.1	28.8	25.5	53.2	52.3	44.6	45.7	57.5
"mp3983"	291.7	284	288	324.8	306.7	195.4	249.4	185.5	192.9	209.1
"mp4007"	349.3	372.3	403.2	380.6	382.4	664.8	727.7	690	736.4	754.5
"mp4010"	86.3	77.7	86.3	88.6	80.1	144.2	163	153.8	159.3	168
"mp4031"	192.2	180.9	194.8	215.5	181.6	386.5	445.8	394.5	436.1	429.7
"mp4059"	127.9	128.8	148	148	141.4	229.7	253.3	245.7	272.4	263.1
"mp4070"	555.8	600.8	603.7	665.7	608	1139.3	1256.5	1208.9	1323.4	1332.4
"mp4086"	111.8	102.9	116	131.3	116.7	184.9	218.6	223.2	248.6	238.6
"mp4116"	127.2	138.1	142.8	153.3	146.3	84.3	102	95.4	104	95.7
"mp4170"	608.9	609.4	613.9	634	617.4	312.2	390.9	346.3	398.9	382.9
"mp4191"	76.1	70.2	75.1	74.9	73.1	121.7	153.3	148.3	158.7	152
"mp4241"	41.7	39.3	49.3	45.3	45.2	32.2	34	32.2	35.5	37
"mp4262"	495.4	403.4	462.4	405.5	367.3	300.9	338.3	239.4	267.5	258.6
"mp4346"	40.7	37.7	46.9	46.8	47.1	20.8	23.1	22.9	21.3	20.9
"mp4388"	29.9	37.9	31.1	35.7	39.8	58.2	71.6	78.8	62.9	74.9
"mp4434"	315.3	307	348.1	357.3	343	185.1	222.6	194.6	193.6	217.1
"mp4448"	173.4	198.9	203.5	182.6	178.3	116.7	153.2	125.7	138.9	130.1
"mp4459"	228.7	209.3	255.3	240.8	249	488.8	542	534.4	617.6	579.4
"mp4480"	927.6	845	964.7	1010	935.7	255.2	295.2	266.8	300.4	293.3
"mp4499"	151.5	148.1	162.4	180.8	142.2	79.3	85.1	103.1	104.1	95.4
"mp4522"	244.3	231.5	265.5	239.8	253	179.4	194.8	179.7	205.2	200.2
"mp4524"	27.2	28.9	37.6	38.6	30.2	54.7	59.6	58.2	70.6	58.6
"mp4597"	487.8	484.3	521.4	532	512.4	373.5	434.6	367.9	375.4	394.8
"mp4610"	56.6	59.8	68.7	73.4	69.4	139.4	181.9	152.3	157.4	155.7
"mp4619"	87.1	85.3	100.1	110.2	93.9	163.9	172.9	179.4	188.5	194.2
"mp4649"	39.6	37.8	39.3	46.3	39.9	69.5	89.6	80	69	78.8
"mp4667"	171.2	149.5	158.4	205.8	184.2	118.2	144.3	131.4	135.5	132.5
"mp4770"	593	574.5	627.8	691.7	672.4	436.5	471.5	467.4	508.2	496.4
"mp4795"	94.4	85.9	83.4	91.7	74.9	172.5	193.5	193.9	202.8	195.2
"mp4807"	608.7	622.9	627.8	683.5	673.7	401.4	428.8	370.6	426.6	442
"mp4892"	97.3	91.8	92.6	103.2	98.7	36.1	41.4	35.6	47.8	53.4
"mp4957"	591.9	548.9	598.8	636.4	592.2	385.2	431.9	404.3	434.1	430.7
"mp4968"	24.8	27.8	31.9	33.1	30.5	51.4	72.3	58.3	66.8	62.2
"mp4973"	112.5	112.7	118.8	151.5	133.3	57.1	89.6	68	82.1	80.5
"mp5026"	128.7	126.6	137.5	155.5	135.6	211.1	251.5	240.1	263.3	268.7
"mp5039"	169.6	188.6	192.3	186.3	180.3	100.3	112.8	105.5	106.5	101.2
"mp5041"	164.5	170.9	180.6	191.3	180.6	120.9	133.2	123.8	134.5	130.9
"mp5042"	32.4	32.9	31.7	32.8	37.6	69.1	77.5	81	75.8	82.4
"mp5166"	536.6	437.4	407.9	529	528	314.4	353.1	359.8	362.9	337.1
"mp5175"	725.6	707.4	751.3	809.5	732	366.6	411	366	382.8	393.9
"mp5227"	209.6	208.8	224.4	233.2	228	352.6	405.3	392.5	421.1	439.9
"mp5425"	141.4	139.7	154.9	158.3	140.9	275.1	283	303	325.4	312.2
"mp5544"	98	111.8	107.9	105.8	100.3	181.2	198.3	195.4	192.9	190.4
"mp5639"	104.4	130.7	115.5	126.1	114.2	73.9	77.4	83	78.4	75.5
"mp5651"	9.5	8.2	11.9	11.3	10.8	50.8	49	55.4	46.8	52.4
"mp5775"	79.2	72.9	78.4	97.6	86.6	58.5	59.2	67.3	65.4	66.2
"mp5787"	475.1	518.1	506.5	640.9	608.1	310	400.9	359.8	401.2	420.2
"mp5900"	96.8	91.4	94.6	112.5	94.7	177.1	200.7	175.9	204.3	205.8
"mp6011"	246.8	242.9	274.6	261.1	234.9	517	555.2	472.1	593.2	542.3
"mp6059"	524.7	471.3	539.9	525.6	460.8	400.3	370.1	407.6	410.4	392.6
"mp6074"	95.6	88.3	112	103.1	97.3	71.1	77.3	69.2	72	77.2
"mp6077"	19.7	22	18.5	25.1	24.7	34.3	47.7	44	43	43.2
"mp6188"	41.6	36.5	36	46.6	48.2	69.3	88.3	79.5	80.7	90.1
"mp6192"	120	135	146.2	131.6	142.3	85.6	107.3	111.9	98.4	103.2
"mp6241"	38.9	47.3	42.3	51.7	45.5	27.8	38.1	34.3	35.6	34.6
