"R17_vs_Fing_Difference"	"R17_vs_Fing_Difference"	"Paired_Ttest_uncorrected_P"	"Paired_Ttest_Corrected_P"	"Pass_Selection_0_No_1_Yes"
"f41"	1.2625200667096	1.2625200667096	0.00105585478170468	0.0313363175187473	1
"f92"	-1.31989218514796	1.31989218514796	0.0015616868535219	0.0353586803937712	1
"f267"	1.32562485324023	1.32562485324023	0.00103777038101723	0.0312587277688622	1
"f519"	1.44555567683654	1.44555567683654	0.000516235615026381	0.0235567312837932	1
"f523"	1.25935345308422	1.25935345308422	0.000106742349363114	0.0155297007691367	1
"f965"	1.28631401574492	1.28631401574492	0.000180067467055953	0.0172476387562418	1
"f1013"	1.58872036772505	1.58872036772505	2.96448703640576e-06	0.0139769170698046	1
"f1075"	1.38261920705011	1.38261920705011	0.000110111358191451	0.0155297007691367	1
"f1092"	-1.42029820922266	1.42029820922266	0.000135525931317919	0.0155297007691367	1
"f1473"	-1.34801492438476	1.34801492438476	0.00228560855712043	0.03917787042805	1
"f1769"	-1.27928268070813	1.27928268070813	0.00263437026638188	0.0411187509715668	1
"f1808"	-1.44424020943003	1.44424020943003	0.000279061378939346	0.0200472770017457	1
"f1874"	1.31082050011109	1.31082050011109	0.000236935612670367	0.0191310821139627	1
"f1878"	-1.27536782456569	1.27536782456569	0.00320625440835184	0.0446013390131869	1
"f2085"	1.33199141101001	1.33199141101001	0.00100890496651531	0.0309968601347629	1
"f2184"	-1.90408233872594	1.90408233872594	0.0003546606877627	0.0205031652037963	1
"f2443"	-1.34352228721606	1.34352228721606	0.00116175230235519	0.032337094000029	1
"f2449"	1.4186589109138	1.4186589109138	0.000236252929110598	0.0191310821139627	1
"f2471"	-1.3045593873936	1.3045593873936	0.00233760736882116	0.0394446010248407	1
"f2522"	-1.27397309597517	1.27397309597517	0.000186840787599922	0.0174121228189929	1
"f2524"	-1.28457763919109	1.28457763919109	0.00218450134934807	0.0389463105531581	1
"f2626"	-1.43028132095285	1.43028132095285	0.000854875770630519	0.0291015201360982	1
"f2634"	-1.29800874526526	1.29800874526526	0.00145611817512599	0.034046428833633	1
"f2646"	1.30406711528588	1.30406711528588	0.000321712418711385	0.0202294901878407	1
"f2686"	-1.37781808905508	1.37781808905508	0.00273670347049529	0.04171231342705	1
"f2712"	1.36475005798217	1.36475005798217	0.000200274311110756	0.0180095818892164	1
"f2720"	1.33155167476344	1.33155167476344	0.000320399428304639	0.0202294901878407	1
"f2746"	-1.31915052194992	1.31915052194992	0.00315188931011046	0.0444999401152879	1
"f2873"	-1.39347385430369	1.39347385430369	0.00107447966927127	0.0313363175187473	1
"f2893"	1.38342283456859	1.38342283456859	0.00157993717758109	0.0354850258045224	1
"f3010"	-1.48548866507678	1.48548866507678	0.000118980309657283	0.0155297007691367	1
"f3185"	-1.70374718356819	1.70374718356819	0.00013630391541801	0.0155297007691367	1
"f3207"	-1.31084073027759	1.31084073027759	0.000488043295677193	0.0232701530868124	1
"f3220"	-1.35875254518493	1.35875254518493	0.000106395101342172	0.0155297007691367	1
"f3225"	1.27294654376309	1.27294654376309	0.000223706751111446	0.0188626103680673	1
"f3431"	1.27991546337899	1.27991546337899	2.58511353692037e-05	0.0139769170698046	1
"f3454"	1.27301848224711	1.27301848224711	0.00184751516739039	0.0367418390861682	1
"f3544"	1.25277615995732	1.25277615995732	6.69345066704561e-05	0.0149827659448124	1
"f3594"	-1.25974395890044	1.25974395890044	0.00337369561642277	0.0459066938334965	1
"f3620"	-1.29983759398288	1.29983759398288	0.000871485509017086	0.0293607738872158	1
"f3628"	-1.27052166858411	1.27052166858411	0.000247229081369367	0.0197518696655965	1
"f3679"	-1.63677556020688	1.63677556020688	0.000126363214982195	0.0155297007691367	1
"f3754"	1.61327573106262	1.61327573106262	2.857287291447e-05	0.0139769170698046	1
"f3766"	-1.26489798913428	1.26489798913428	0.000972856927640738	0.0305383480211197	1
"f4066"	-1.45038772687272	1.45038772687272	0.00012298843497006	0.0155297007691367	1
"f4070"	-1.50183184750377	1.50183184750377	0.000291749191014731	0.0202003272147134	1
"f4121"	-1.38048546026792	1.38048546026792	0.00143757233136172	0.0339253180613622	1
"f4148"	-1.734954429763	1.734954429763	0.000136699515470395	0.0155297007691367	1
"f4212"	-1.34671443782857	1.34671443782857	0.00224459322640824	0.0391244754396056	1
"f4369"	-1.66780660136658	1.66780660136658	4.86928981069523e-05	0.0139769170698046	1
"f4395"	-1.49740452499086	1.49740452499086	0.000366665505552765	0.0209492513991258	1
"f4438"	-1.32674860287262	1.32674860287262	0.00104685049218898	0.0312774596595913	1
"f4452"	-1.33599849171491	1.33599849171491	6.79395073316125e-05	0.0149827659448124	1
"f4457"	-1.31734131990819	1.31734131990819	0.000150549516471764	0.0165266154598779	1
"f4631"	-1.32566409137287	1.32566409137287	0.00114165231538703	0.032312173701446	1
"f4690"	-1.28001999248324	1.28001999248324	0.00167737776065502	0.0360024417185506	1
"f4827"	-1.30969201293114	1.30969201293114	0.000852362919507878	0.0291015201360982	1
"f4991"	-1.35151534577811	1.35151534577811	0.00216247345791197	0.0386948089446885	1
"f5021"	-1.39978627573976	1.39978627573976	0.000215674586615366	0.0184836904494046	1
"f5189"	-1.33038056395493	1.33038056395493	0.000701950168614266	0.0262343232773838	1
"f5242"	-1.50628698360645	1.50628698360645	0.00156345444525171	0.0353586803937712	1
"f5280"	-1.53568928980706	1.53568928980706	0.000574485463280858	0.0246102408286219	1
"f5286"	-1.25669013581715	1.25669013581715	0.00114432058349031	0.032312173701446	1
"f5348"	-1.40475702694579	1.40475702694579	0.00123671621075347	0.0324058263278965	1
"f5361"	-1.30111108897877	1.30111108897877	8.65428587872808e-05	0.0155297007691367	1
"f5376"	-1.6834395302474	1.6834395302474	0.00145664352635196	0.034046428833633	1
"f5377"	-1.26119667690106	1.26119667690106	0.00077701843323143	0.0278415576489302	1
"f5396"	-1.25658076579259	1.25658076579259	0.0025601046860779	0.0406772284546887	1
"f5465"	1.74087959557852	1.74087959557852	0.0014648901531808	0.0341574625216622	1
"f5480"	-1.4103532726196	1.4103532726196	0.00169214873467538	0.0360180678382974	1
"f5629"	-1.32156958869567	1.32156958869567	0.00287130637394859	0.0427187399569857	1
"f5634"	-1.25471189855273	1.25471189855273	0.000231432062742287	0.0190007668318667	1
"f5636"	-1.39522354081565	1.39522354081565	0.000110680279698024	0.0155297007691367	1
"f5771"	-1.27096123726594	1.27096123726594	0.000331487955972479	0.0203687882380573	1
"f5865"	-1.30998726604642	1.30998726604642	0.000717856348675885	0.0263663779194113	1
"f5870"	-1.27762003975375	1.27762003975375	0.00208698949616512	0.0378550263681637	1
"f5910"	1.30283407284762	1.30283407284762	0.00012361631592957	0.0155297007691367	1
"f5912"	-1.34350971316764	1.34350971316764	0.000462511058288735	0.0229526436810708	1
"f5924"	-1.31581586823785	1.31581586823785	0.00344696017519425	0.0463279012108521	1
"f5953"	1.27037473641333	1.27037473641333	0.000262243624437055	0.0198282764582588	1
"f6145"	-1.29597581456207	1.29597581456207	0.00131664514660722	0.033239036290872	1
"f6215"	1.26877603158098	1.26877603158098	0.00225648400955264	0.0391662910890488	1
"f6232"	-1.55007684576049	1.55007684576049	0.00230246525763951	0.0391900445420523	1
"f6235"	1.45241206910687	1.45241206910687	0.00335876039094953	0.0457959302434674	1
"f6273"	1.46951624728208	1.46951624728208	0.000106332130146578	0.0155297007691367	1
"f6285"	1.32686257279651	1.32686257279651	0.000267419767879753	0.0198282764582588	1
"f6299"	-1.45124996349727	1.45124996349727	3.6275201408353e-05	0.0139769170698046	1
"f6377"	-1.55099274764019	1.55099274764019	5.20221909412247e-05	0.0141182445971046	1
"f6432"	1.31111316768909	1.31111316768909	0.00140776842455016	0.0339253180613622	1
"f6443"	-1.35171387347433	1.35171387347433	0.000488039878970736	0.0232701530868124	1
"f6566"	1.25620958364498	1.25620958364498	3.79928102037594e-05	0.0139769170698046	1
"f6575"	-1.33836089774437	1.33836089774437	0.00184992665506932	0.0367418390861682	1
"f6595"	-1.58694519572065	1.58694519572065	0.000772191210473186	0.0278415576489302	1
"f6620"	-2.24499489121412	2.24499489121412	0.000414778274974041	0.0214562428719138	1
"f6626"	-1.29767508447395	1.29767508447395	0.00249051115725501	0.0402186677791429	1
"f6685"	-1.29683056560704	1.29683056560704	0.00142512344629284	0.0339253180613622	1
"f6697"	-1.48864451596599	1.48864451596599	0.00160441989588636	0.0355446312535369	1
"f6780"	-1.35767614433644	1.35767614433644	0.00015980576831968	0.0166095995370561	1
"f6836"	-1.46603126160687	1.46603126160687	0.00224631408137557	0.0391244754396056	1
"f6840"	-1.37507386769036	1.37507386769036	0.000122105980970116	0.0155297007691367	1
"f6861"	-1.56630202033513	1.56630202033513	0.00054008898880827	0.0237687811741297	1
"f6901"	-1.29982118484473	1.29982118484473	0.00324594672117769	0.0449828361218525	1
"f6989"	1.27368255135154	1.27368255135154	3.85373482916719e-05	0.0139769170698046	1
"f7044"	-1.27401519010671	1.27401519010671	0.000360606813212978	0.0207242856770047	1
"f7072"	-1.5211103294745	1.5211103294745	0.00122726341505739	0.0324058263278965	1
"f7084"	-1.27211067237253	1.27211067237253	6.32164321949577e-05	0.0149827659448124	1
"f7111"	-1.2683816197722	1.2683816197722	0.00106167416099805	0.0313363175187473	1
"f7128"	1.35815355821362	1.35815355821362	0.000519849299329283	0.0235567312837932	1
"f7164"	-1.29218137462753	1.29218137462753	0.00284814767625475	0.0426131742680075	1
"f7209"	-1.25682537143124	1.25682537143124	0.000391434648438534	0.0213648967332094	1
"f7248"	-1.26900519723299	1.26900519723299	0.00176708613643421	0.0362328491160692	1
"f7265"	-1.63681494757753	1.63681494757753	0.000259884828060589	0.0198282764582588	1
"f7277"	-1.25379049546651	1.25379049546651	0.00341870116719077	0.0461335779053229	1
"f7312"	-1.4609404585146	1.4609404585146	8.518755871711e-05	0.0155297007691367	1
"f7354"	-1.3455013121533	1.3455013121533	0.00305247002913788	0.0438416139706457	1
"f7382"	1.33170991574556	1.33170991574556	0.000418257826516058	0.0214562428719138	1
"f7422"	-1.44059284708635	1.44059284708635	0.000976155491798492	0.0305383480211197	1
"f7447"	1.36049262368751	1.36049262368751	0.00159150805198779	0.0355000768673988	1
"f7527"	-1.544915624625	1.544915624625	3.86590912424104e-05	0.0139769170698046	1
"f7652"	-1.38466855671827	1.38466855671827	0.00190449582478233	0.036854162931064	1
"f7688"	-1.38676650544169	1.38676650544169	0.0001141424937122	0.0155297007691367	1
"f7724"	-1.38633931324759	1.38633931324759	0.00223738525247063	0.0391244754396056	1
"f7725"	-1.45181739612501	1.45181739612501	0.000677301876878359	0.025949958184712	1
"f7814"	-1.46617375036723	1.46617375036723	6.47693147697824e-06	0.0139769170698046	1
"f7821"	-1.25447931338131	1.25447931338131	0.000615144253799396	0.0250414973317504	1
"f7960"	-1.32843561250485	1.32843561250485	0.00176431876729341	0.0362328491160692	1
"f8008"	-1.26589073206093	1.26589073206093	6.900966914192e-05	0.0149827659448124	1
"f8023"	-1.74628216382225	1.74628216382225	0.00026597413925018	0.0198282764582588	1
"f8077"	-1.2578209037772	1.2578209037772	0.000126259151697978	0.0155297007691367	1
"f8097"	-2.13405646116139	2.13405646116139	7.98034465948201e-06	0.0139769170698046	1
"f8208"	1.36325382829285	1.36325382829285	0.000190049881512283	0.0174121228189929	1
"f8331"	1.28680148053032	1.28680148053032	0.000271944993945471	0.0199767112093778	1
"f8336"	-1.52940880271008	1.52940880271008	0.00285372513268006	0.0426313372267342	1
"f8356"	-1.31479504371413	1.31479504371413	0.000298575892540613	0.0202003272147134	1
"f8407"	1.29587713345549	1.29587713345549	0.000955493877497383	0.0305071084416648	1
"f8475"	1.28361660236335	1.28361660236335	0.00269415132256654	0.0414939288818884	1
"f8488"	-1.25910312353162	1.25910312353162	1.58034381995232e-05	0.0139769170698046	1
"f8501"	-1.25744076534323	1.25744076534323	0.000525626143282182	0.0235567312837932	1
"f8522"	-1.28892914484966	1.28892914484966	0.00161073906705604	0.0356038929527999	1
"f8532"	1.2996550493237	1.2996550493237	0.00151535836339697	0.0346722510781929	1
"f8540"	-1.41322221701068	1.41322221701068	0.000349888390374075	0.0203699318398917	1
"f8550"	1.31876630350547	1.31876630350547	0.00322477964492104	0.0447529788790888	1
"f8573"	-1.47482474837458	1.47482474837458	0.000416217912708175	0.0214562428719138	1
"f8646"	-1.37673244678692	1.37673244678692	0.000712995914157038	0.0262866795521293	1
"f8660"	1.26473306199201	1.26473306199201	0.000634726231069656	0.0254465012039951	1
"f8676"	-1.39855123323487	1.39855123323487	4.40150157217752e-05	0.0139769170698046	1
"f8698"	-1.43034715920253	1.43034715920253	0.000711190471441567	0.0262866795521293	1
"f8742"	-1.3421059971296	1.3421059971296	0.000843448450560587	0.0290158146548484	1
"f8796"	1.30885160366097	1.30885160366097	0.00115517606560493	0.032337094000029	1
"f8858"	-1.88295008413969	1.88295008413969	0.000688173792664943	0.0262343232773838	1
"f8881"	-1.25369934115998	1.25369934115998	0.00257339182247712	0.0406829095559895	1
"f9029"	-1.74214098217255	1.74214098217255	0.000337263623606375	0.0203699318398917	1
"f9045"	-1.55620997478551	1.55620997478551	0.00351278881736863	0.046739041231028	1
"f9046"	-1.26413067259732	1.26413067259732	0.00017073392274019	0.017049996365987	1
"f9073"	-1.38952836312718	1.38952836312718	0.000184961479729199	0.0174121228189929	1
"f9147"	1.31353390913114	1.31353390913114	0.000328669527332354	0.0203234258356778	1
"f9174"	-1.33702942000193	1.33702942000193	0.000777565886465267	0.0278415576489302	1
"f9259"	1.29387857188657	1.29387857188657	8.86826282411655e-05	0.0155297007691367	1
"f9286"	-1.34611215997585	1.34611215997585	3.85456681843711e-05	0.0139769170698046	1
"f9327"	1.25284324425527	1.25284324425527	0.000225721231854359	0.0188626103680673	1
"f9354"	-1.40539364345687	1.40539364345687	0.000267894830346998	0.0198282764582588	1
"f9404"	1.83092783328558	1.83092783328558	4.78838038682906e-06	0.0139769170698046	1
"f9452"	-1.47295082472913	1.47295082472913	0.00012954305156027	0.0155297007691367	1
"f9490"	1.31617111876372	1.31617111876372	0.0014510983335755	0.034046428833633	1
"f9508"	-1.51357496486112	1.51357496486112	0.000113749925854769	0.0155297007691367	1
"f9551"	-1.26760768988104	1.26760768988104	0.00115954509734221	0.032337094000029	1
"f9692"	-1.57657975449639	1.57657975449639	0.000649725540099812	0.025596042446674	1
"f9708"	-1.47524153349075	1.47524153349075	0.00276895243648102	0.0419190792158589	1
"f9723"	-1.37876839102725	1.37876839102725	0.00265327244223166	0.0412121967577159	1
"f9738"	-1.67457965206288	1.67457965206288	0.000549886060181189	0.0239289615466258	1
"f9739"	-1.2528659283131	1.2528659283131	0.000371645385177508	0.0209882971860361	1
"f9757"	-1.29399427492772	1.29399427492772	0.00349809594619065	0.0466890674785282	1
"f9773"	-1.26572671618286	1.26572671618286	0.000634555452248194	0.0254465012039951	1
"f9926"	-1.33058015876624	1.33058015876624	0.00175738100951023	0.0362328491160692	1
"f9942"	1.39924912204046	1.39924912204046	0.000208133702211776	0.0182335434593512	1
"f9957"	-1.25695539851143	1.25695539851143	0.00353286933900838	0.046739041231028	1
"f10007"	-1.42703670776582	1.42703670776582	0.000397421464447583	0.0214394904670953	1
"f10035"	-1.25255922425128	1.25255922425128	0.000971813813032056	0.0305383480211197	1
"f10162"	-1.55015968163841	1.55015968163841	0.00118158865913642	0.0324058263278965	1
"f10166"	1.28512774010094	1.28512774010094	0.000320126099787336	0.0202294901878407	1
"f10218"	-1.26144745132574	1.26144745132574	0.00367566525879482	0.0473763187050466	1
"f10231"	-1.4110724223876	1.4110724223876	0.00186183575602115	0.0367418390861682	1
"f10327"	-1.27741140757876	1.27741140757876	0.000399384571649063	0.0214394904670953	1
"f10352"	-1.34011878621092	1.34011878621092	0.00134655795662365	0.0336135193365084	1
"f10354"	-1.28975605495593	1.28975605495593	0.000903814357568405	0.0300729016102414	1
"f10374"	-1.41233363889258	1.41233363889258	0.000765999504287608	0.027828232138445	1
"f10429"	-1.48390334507957	1.48390334507957	0.0031798311120989	0.0445085243054531	1
"f10446"	1.25500480297872	1.25500480297872	0.00113107615540844	0.032312173701446	1
"f10511"	-1.34219882952485	1.34219882952485	0.00277601271777489	0.0419190792158589	1
"f10571"	-1.26446792373361	1.26446792373361	0.00158772030539273	0.0355000768673988	1
"f10574"	-1.38550040045767	1.38550040045767	0.00354744626246797	0.046739041231028	1
"f10599"	1.34708859837175	1.34708859837175	6.57798347535011e-05	0.0149827659448124	1
"f10603"	1.4026578024271	1.4026578024271	0.000333750275246874	0.0203699318398917	1
"f10608"	-1.96731829993893	1.96731829993893	5.59524670587304e-05	0.01463564503737	1
"f10618"	-1.39250328593981	1.39250328593981	0.000517501103010602	0.0235567312837932	1
"f10619"	1.28591153923781	1.28591153923781	5.00708390422887e-05	0.0139769170698046	1
"f10723"	1.27620744171526	1.27620744171526	0.0015064402348307	0.0345491105499905	1
"f10798"	-1.25314503771365	1.25314503771365	9.43111038595856e-05	0.0155297007691367	1
"f10921"	-1.33935539207139	1.33935539207139	7.6988229945836e-05	0.0153505103381799	1
"f11016"	-1.25984061985518	1.25984061985518	0.00391608577798298	0.0491775810422799	1
