index	CD_1	CD_2	CD_3	Ctrl_1	Ctrl_2	Ctrl_3
hp2	77.1	58.9	58.3	32.6	31.5	39.2
hp7	16.5	12	14.4	5.7	5.7	8.9
hp8	3.2	5.5	6	12.4	8.6	16.9
hp9	53.9	45.4	52.8	26.1	34.9	35.9
hp10	33.9	30.6	36.2	18.3	24.5	23.9
hp11	85.5	107.9	190.6	29.4	62.4	38.6
hp14	94.3	131.7	87.2	44.2	72.2	54
hp15	42.9	22.9	42.9	17.7	13.7	12.3
hp19	6.6	11.8	11.1	21.6	15	23.1
hp22	44.3	35.7	38	52.9	79.7	59.2
hp23	33.3	34.9	48.9	84	53.8	62
hp24	104.1	92.3	52.8	127.1	242.3	260.3
hp25	27.6	21.4	24.6	18.1	11.2	14.9
hp27	10.2	7.2	9.5	13.4	11.4	14.9
hp29	124.8	108.7	144.6	239.6	159.5	187.7
hp32	5.2	5.7	7.7	12.6	8.3	9.2
hp35	124.1	81.2	101	53.8	71.3	72.1
hp36	34.4	28.1	39.5	21.8	21.9	27.7
hp38	6.1	5.8	5.6	3.8	5	4.4
hp39	18.6	23	30	15.8	11.7	16.3
hp40	31.7	17	32	8.1	11.5	16.9
hp41	43.6	52.5	67.7	28.2	33.9	41.6
hp42	13.5	14.8	16.4	10.3	10.5	13.3
hp45	81.5	49	74.8	32.9	48.6	38.8
hp49	40.3	16.3	24.7	7.8	12.6	13
hp50	65	105.9	97.8	161.4	116.8	153.4
hp56	113.1	122.6	169.8	235.7	171.7	189.8
hp57	28.3	11.4	10.8	4	5.8	8
hp61	45.9	73	46.3	67.6	129.3	139.9
hp64	13.5	31.1	30.8	63.8	42.6	55.7
hp66	32.8	22	29.4	9	19.6	15.9
hp68	9.7	9.5	6.9	9.9	15	13.6
hp69	53.2	30.2	33.9	17.7	16.7	30.7
hp72	13.5	18.7	22.1	11.8	10.5	12.6
hp73	55.7	104	107.3	170.4	119.9	184.9
hp74	698	377.6	532.5	274.6	295.8	387.1
hp75	27.8	20.6	16.5	14	12.2	15.4
hp77	12.8	15.3	14.4	8.1	9.2	12.6
hp78	10.7	14	10.5	17.2	17.7	12.9
hp81	9	9.9	10.8	6.4	9	7.3
hp82	33.8	58.6	61.1	83.7	67.1	102.7
hp89	60.5	85.9	93.2	144.1	91.4	122.9
hp90	7.7	9.7	10.2	12.8	10	13
hp91	43.2	17.2	37.6	16.5	10.7	16.3
hp94	59.8	46.4	52.2	27.6	27.9	46.9
hp95	28.6	27.4	28.5	13.7	23.6	18.2
hp96	86.1	37.9	53.9	19.9	27.2	42.3
hp97	25.7	16.2	24.2	12	12.6	18.6
hp98	64.5	36.6	53.4	29.7	36.8	31.1
hp99	19.2	46.7	40.1	45.2	76.1	98.6
hp100	10.8	14.2	15.5	9.5	9.8	10.7
hp102	7	25.9	26	62.6	42.2	58.2
hp116	21.2	26.9	40.6	9.6	22.8	15.8
hp117	4.6	8	9.9	19	9.8	11.7
hp119	177.1	371.9	326.7	515.9	419.1	541.5
hp120	9.5	10.3	12.7	6.1	9.6	4.7
hp121	97.4	216.9	197.9	354.9	245.9	301.2
hp122	26.4	37.7	45.2	132	45.8	68.5
hp123	4.3	6.2	9.3	2.4	3	5.3
hp125	31.4	41.6	38	28.5	29.4	32.9
hp130	21.1	22.6	23.8	13.3	20.4	17.2
hp136	29.4	31.1	25	12.5	20.6	23.3
hp137	5.6	7	9.5	9.5	11.5	10
hp139	7	10.3	7.2	10.7	35.7	15.9
hp140	12.7	24	20.4	30.5	24.2	31.3
hp142	32.7	59	84.3	121.1	87	101.1
hp146	97.3	16	28.1	8	10.7	13.4
hp147	22.3	38.2	21.3	9.3	20.7	17.2
hp148	40.4	19.3	22	15.6	14.2	15.8
hp151	2.3	4.3	2.4	5.2	3.5	4.9
hp152	5.2	9	8.2	3.5	5.7	5.4
hp155	12.3	10.4	11.7	12.1	16.3	13.4
hp158	13.6	8.7	12	9.6	4.6	7.7
hp159	17.2	21.1	34.3	11.7	20.1	12.9
hp160	95.1	26.3	32.1	22.1	13.3	20.3
hp161	23.1	91.5	90.9	225.2	95	172.6
hp162	269.5	147.8	155.9	158.8	89.7	113.2
hp165	10.7	42.4	41.9	82.7	66.3	69.6
hp168	20.2	30.3	19	27.3	84.1	40.4
hp169	12.6	10.6	15.2	14	17	24.7
hp170	13.8	59.8	69.4	123.8	111	122.8
hp174	25.3	31.3	55.6	15.2	30.4	19.1
hp175	37.4	25.6	17.3	16.8	15.7	14.9
hp176	75.8	101.9	120	68.2	63.6	88.9
hp177	47.9	38.9	29.4	30.1	23.6	31.5
hp180	2.8	4.5	3.7	4.6	5.2	4.5
hp183	510.9	32.1	113.3	25.3	19.1	23.3
hp184	73.1	38.6	41.2	17	39.7	32.3
hp185	26.8	36.7	21.7	10.2	19.3	23.1
hp187	18.8	19.6	24	34.6	23.8	23.5
hp188	233.9	37.8	69.9	20.3	33.7	34.1
hp189	13.2	19.4	29.1	13.4	9.4	14.7
hp190	16.8	7.4	12.5	8.7	2.4	6.7
hp194	15.7	55	34.8	44.8	68.1	89.9
hp198	33.9	135.8	128	253.3	189.6	192.5
hp200	2	4.7	4.4	4.5	5.4	10.1
hp202	124.3	413.7	372.9	706.7	407	648.9
hp203	45.9	35.2	49.1	44.8	130.1	85.7
hp207	506	185.2	158.3	156.9	90.9	122.3
hp208	16	54.6	104.2	156.5	103.9	147
hp212	26.4	29.5	27.5	27.8	41.2	37.3
hp219	25.1	39.6	51	21.2	26	28
hp220	109.3	47	72.3	49.2	39	47.9
hp221	7.6	6.2	16.5	4.6	2.4	8
hp223	12.5	30.2	33.7	44.9	39.3	44.8
hp227	6.2	9.6	11.7	13.2	9.8	18.6
hp228	98	128.9	141.9	196	127.3	158
hp229	10.2	27.8	32.1	48.8	36.9	40
hp230	58.3	27.9	32.2	24	25.7	23.1
hp231	2.6	9.4	7.7	8	13.4	16.7
hp232	3.1	11.8	8.9	19.5	12.9	12.9
hp233	8.9	25.8	20.1	6.7	12.5	9.1
hp239	6.2	34.5	37.4	70.9	51.2	60.5
hp241	17.5	25.2	32.6	28.1	36.6	38
hp242	3.4	12	16.8	27	14	26.3
hp245	11.8	21.3	26.8	5.5	12.3	15.6
hp247	3.2	5.2	6.9	2.4	3.8	3.6
hp248	9.9	16.8	26.2	39.1	20.6	26.5
hp250	35	30.6	50.7	33.9	22.4	29.3
hp251	3.1	9.5	10.9	17.3	12.5	13.1
hp253	3.6	6.9	7	8.3	7.3	9.5
hp254	368.9	145	213.6	154.8	115.9	147
hp260	276.4	248.7	186.4	124.6	202.4	202.9
hp261	12.6	14.8	17.3	5.9	11.3	13.1
hp264	2.9	5.1	8.2	2.9	4	2
hp265	17.9	28.5	39.1	51.4	42.7	31.4
hp268	10.9	17.7	26	12.5	8.9	11.8
hp271	3	5.1	7.3	8.6	5.8	8.5
hp272	221.2	514.1	474.4	619.6	485.1	732.6
hp273	15.3	39.3	50.1	69.6	54.9	52.8
hp275	213.9	556.3	473.1	746.8	489.5	718.1
hp277	2.9	27.3	32.8	64.4	42.5	58.5
hp278	15	40.3	43.4	56.5	50.8	55.5
hp279	18.4	16.4	38.1	9.4	17.5	16.3
hp281	16.6	56.9	47	71.8	59.5	75.9
hp283	4.2	11.2	10.4	17.1	9.3	15.9
hp286	9	27.2	34.5	46.9	32.9	45.6
hp288	2.6	12.4	15.4	25.4	15.4	22.6
hp290	51.6	99.4	114.2	167.7	99.5	126.2
hp293	2.1	19.4	11.9	30.5	18.1	27.5
hp296	14.6	27.4	32.3	17.8	13.8	15.6
hp298	13	158.3	77.7	90.5	396	202.9
hp299	13.6	144.1	119.1	295	160.7	229.5
hp301	5.5	8.4	12.4	5.1	5.6	6
hp302	39.8	122.8	123.2	140.6	139.4	203.8
hp303	2.6	4.8	5.1	3.5	2.5	2.3
hp304	9.9	15	17	16.3	16.5	21.6
hp305	4.5	8.3	4.8	7.3	8.9	7.3
hp306	28.9	61.7	65.5	128	51.6	85.6
hp308	3	4.9	7.1	7.2	7.1	7.3
hp314	21.3	32.5	53.9	67.5	44.5	47.2
hp315	3.5	8.4	9.9	8.6	10.4	16.9
hp316	15.2	26.5	27.7	34.8	22.8	42.6
hp317	4.2	8.5	11.5	10.3	11.8	14.8
hp321	12.9	24.5	24.6	21.8	31.9	33.1
hp322	20.2	54.8	54	17.4	34.7	18
hp325	9.9	26.9	27.9	37.9	27.7	37.2
hp327	10.6	25.5	26.8	8.8	13.8	13.6
hp328	31.4	56.5	53	84.9	44.6	77.3
hp329	54	88.9	92.2	95.3	99.2	109.1
hp330	5.2	69.4	49.2	96.3	87.1	113.7
hp331	22.2	19.3	25.5	25.4	23.1	28.6
hp334	32.3	49.9	104	20.9	48.8	28.4
hp336	11.4	8	12	6.4	10.4	7.4
hp338	6	5.1	6.4	10.5	5.6	8
hp342	26.3	274.8	287.1	501.2	367.1	501.6
hp345	10.7	115	121.1	141.1	129.6	366.4
hp346	14.5	32	25.4	7.8	18.1	18.8
hp348	7.1	12.8	26.1	3.8	11.9	7
hp350	8.6	40.6	31	53.6	37.4	51.8
hp352	2.1	15	27.3	45.6	15.5	46.7
hp355	4.4	8.6	8.9	2.4	6.5	4.9
hp357	119	133.4	162.3	232.4	124.5	249.2
hp360	28.6	37.7	42.2	33.3	55.1	61.8
hp361	13.8	39.2	49.8	11.6	24.4	14.7
hp363	18.8	223.1	212.1	344.1	278.2	413.7
hp364	13.1	15.4	18.6	6	11.5	15.3
hp367	23.9	51.9	58.2	30.3	25.6	25.6
hp368	7.6	48.2	45.3	55.8	49.8	96.3
hp369	82.7	8.9	20	8.6	7.8	10.6
hp372	9.7	16.3	22.8	24.2	19.4	23.8
hp373	4.2	7	8.3	7.2	9.4	9.3
hp374	74.9	158	203.1	189.7	196.7	250.7
hp375	3.3	8.1	11.4	2.4	5.1	4.4
hp376	24	248.3	252.1	466.4	265.5	417.5
hp378	14.5	27.3	29.3	15.4	21.7	11.2
hp379	3.1	24.4	17.9	31.5	27.7	28.8
hp380	6.9	15.9	15.4	20.4	13.6	21.3
hp381	3.3	8.4	7.6	10.6	6	15.5
hp387	6.6	11.8	13	11.7	13.5	16.7
hp388	6.2	12.5	13.9	16.4	12.2	16.5
hp389	59.8	222.7	236.3	348.7	202.3	320
hp390	8.3	13.6	16.5	8.3	7.4	11.7
hp393	8.4	19.9	18.4	20.3	23	22
hp394	9.4	40	32.7	7.3	16.4	13.9
hp395	22.8	62.5	80.9	90.2	72.8	94.5
hp396	7.6	16.8	18.6	19.6	16.7	24.7
hp397	61.8	120.1	128.4	162.8	116.3	139.4
hp398	47.1	32.3	36.7	29.7	34.4	33.7
hp401	2.7	7.1	6.3	7.1	7.1	9.1
hp402	22.7	14.7	14.2	14.3	12.4	13.8
hp406	26	87.1	70.8	115.1	62.5	115.7
hp407	30.7	82.8	101.7	127.8	100.6	98.6
hp408	32	94.1	100.6	139.3	93.9	114.1
hp409	4.3	254.1	41.4	480.9	104.9	143.4
hp410	2.4	5.3	7.1	2.6	2.5	3.4
hp411	226.5	67.7	114.8	111.9	55.1	59.4
hp412	17	77.5	76.8	91.5	84.3	113.8
hp413	5.3	8.6	7.9	5.3	3.4	7.3
hp417	5.9	99.4	84	125.4	97.8	196.7
hp418	2.1	43.3	51.7	79	53	93.4
hp419	5.2	7	11.1	2.6	5.7	6.8
hp420	22.3	66.7	50.3	42.1	88.6	93
hp422	3.3	51.9	44.2	149.4	38.5	59.2
hp423	6.8	45.7	50.1	67.3	53.3	68.6
hp424	7.9	9.6	10.7	8.7	12.2	14.3
hp425	65.1	113	102.1	101.3	121.2	125.3
hp426	2.6	21.9	20.5	16.5	30.9	44.4
hp427	6.2	57.6	55.5	88.7	52.1	95.3
hp429	41.2	139.3	96.7	128.8	120.4	163.4
hp430	21.2	58.5	74.6	77.5	67.9	88.8
hp434	17.6	7.3	11	7.8	8.3	7.5
hp435	4.1	16.3	13.3	13	18.5	22.4
hp436	25.1	872.1	872.9	1517.4	959.1	1828.9
hp438	4.2	8	8.4	4.9	4.1	5.5
hp440	25.2	86.1	71.4	69.2	99	111.1
hp441	7.9	9.6	16.4	9.9	7.8	6.2
hp445	14.4	55.1	42.1	55.2	47.5	68.7
hp446	11.2	15	26.9	40	18.4	21.3
hp448	5.3	328.3	294.4	524.1	329.8	770.2
hp449	4.5	9.4	8.9	12.3	8.9	9
hp453	6.1	17.5	20	21.3	19.6	23.8
hp454	19.8	27.6	44.5	79.7	28.5	41.3
hp456	7.4	13.1	18.2	4.1	10.3	10.1
hp457	8.4	14.3	14.9	20.8	11.3	19.4
hp459	4.7	10.1	8.8	10.2	10.3	10.4
hp461	18.4	250.3	202.1	295.4	255.9	364.9
hp465	8.1	58.9	96.8	146.1	53.7	127
hp467	10	25	31.5	8.1	17.2	12.9
hp469	14.8	37.4	42.6	36.3	41.8	59.9
hp470	20.3	48.3	57.5	63.2	50	64.8
hp471	3.7	156.3	137.8	184.1	210.5	280.7
hp472	30.8	94.2	88.3	26.6	62.3	32.5
hp473	11	9.4	19.5	10.6	5.7	11.3
hp474	16.9	49.7	54.8	56.4	51.6	70.7
hp475	8.9	46.5	43.5	36.4	56.6	75.5
hp476	18.9	2231.6	2104.1	2666	3193.2	5572.6
hp477	6.7	7.3	14.9	10.5	13.1	14.5
hp478	16.6	26.9	43.5	42.9	38.8	35.1
hp479	5.4	10.2	17.1	4.4	10.2	4.8
hp480	5.4	38.5	45.2	58.7	41.2	57.3
hp481	7.3	10.3	16.3	4.1	10.5	8.1
hp482	17.1	1000	764.6	1552.8	772	1913.7
hp484	28.5	39.4	42.8	45.3	37.8	46.1
hp487	3.7	15.6	35	3.6	8.3	5.3
hp489	5.6	12.1	13.7	8.6	2.2	7.9
hp493	22.1	43.2	50.1	62.1	41.9	50.1
hp494	5.9	31.6	24.2	27.9	28.2	43.8
hp495	4.7	12.4	8.6	12.8	10.2	11.7
hp496	10	48.9	50.8	60.6	49.5	67.4
hp497	23.9	820.8	856.9	1440.4	829.1	1457.3
hp499	593.8	219.8	238.5	177.4	180.8	275.8
hp501	4	13.4	7.3	20.4	7.8	11.2
hp502	2.2	13.5	9.9	17.1	9.5	16
hp503	17.4	55.4	61.9	14.4	32.4	24.8
hp504	3.9	13.7	13.1	10.6	18	18.6
hp505	6.7	32.3	38.1	35.3	43.7	45.8
hp506	3	9.3	7.9	13.1	6.1	11.7
hp510	20.1	33.8	35.5	31	34.4	48.7
hp511	12.4	48.1	58.7	82	45.1	62.6
hp512	11.4	614.9	138.7	971.3	285.7	313.4
hp514	22.7	18.1	25.1	24.8	21.7	31
hp515	9.9	20.6	23.7	9.9	14.9	11.5
hp516	23.9	63.9	67.2	73.1	59.1	86.4
hp518	9.4	15.3	20.1	9.8	13.8	8.6
hp519	121.7	162.3	167.9	134.1	246	205.1
hp520	115.6	10.2	22.8	13.6	11.1	11.5
hp521	21.9	1621.7	1548.2	2142.9	1714.2	3510.8
hp523	66.4	190.6	206.1	57.8	141.1	69.5
hp524	7.1	165.9	85.4	157.4	120.4	203.5
hp526	2.3	35.1	16	21.9	30	42.4
hp527	2.6	5.1	4.3	6.9	3.8	5.2
hp529	11.3	25.9	33.5	25.7	35.4	37.3
hp530	87.6	312	429.2	478.7	343.1	446.3
hp531	5.3	10.2	17	4.5	6.6	8.3
hp533	31.5	36.8	47	48.1	37.9	47.8
hp534	6.7	12.6	16.3	14	14.2	18.6
hp535	2.6	24.1	30.9	32.4	28.4	40.1
hp536	5.5	19.6	14.5	22.7	13.9	21
hp537	25.3	49.2	45.7	62	43.7	47
hp538	7.5	14.5	20	4.3	8.2	14.2
hp540	30.5	82	101.2	99.9	100.8	99.6
hp541	9.8	25.9	21.7	23.5	25.8	27.7
hp542	137.5	784.6	952	1062	777.1	1219.5
hp543	3.7	5.3	8.4	3.3	4.8	4.2
hp544	39.8	144	181.7	202.8	125.7	238.5
hp545	11.3	29.2	33.8	48.7	22.2	40.6
hp546	9.6	15.4	24.1	7.7	9.3	16.1
hp547	10.9	40.5	40.6	8.6	17.4	21.5
hp548	4.2	214.1	248.7	260.7	220.1	536.3
hp549	6.6	17.3	53.5	2.3	11.3	15.7
hp550	6.7	16.3	19.6	8.9	11.1	6.1
hp551	3.5	195.1	117.7	175.3	147	323.8
hp552	13.1	693.3	972.8	821.4	929	1851.3
hp553	7.2	31.3	34.4	24.1	37.5	57.4
hp554	4.5	10.6	12.9	5.2	5.4	6.7
hp556	132.7	242.6	266.9	197.9	344.6	307.5
hp557	27.8	58.8	98.4	20	41.2	45.5
hp558	30.5	210.5	206.9	289.7	159.4	301.4
hp559	3.4	9.9	10.3	9.6	10.7	12.7
hp560	9.1	19.6	14.5	9.2	12.4	10
hp562	13.7	28.2	57.4	13.6	19.1	19.1
hp565	11.3	53.5	45.3	69.4	38.3	62.3
hp566	2.7	8.5	11.4	14	7.1	13.6
hp567	17.5	768.6	791.5	652.8	960	1647.9
hp568	33.1	227.8	331.6	357.3	253.7	362.1
hp571	68.9	132.3	125.5	59	96.7	88
hp572	36.8	45.4	45.7	28.4	43.1	39
hp573	11.5	14.5	11.7	10	10.1	13.3
hp574	55.2	20.6	32.2	22.8	24	24
hp575	14.3	48.4	59.4	47.4	62.8	67.8
hp578	46	96.7	100.6	96.1	94.9	122
hp579	24.8	62	77.7	18.9	46.3	34.3
hp580	3.9	10.2	9	12.3	7.5	11.7
hp581	61.3	184.6	278.7	286.7	210.2	260.2
hp582	3.3	9.8	17.3	16.5	12.2	15.5
hp583	111.9	290	458.7	469.5	306.5	453.1
hp584	15	62.5	75.4	94.8	57.9	78.5
hp585	9	19.8	24	22.9	20.9	25.7
hp586	9.9	27.6	23.1	10.6	16.6	11.5
hp587	4.2	111.3	105.2	93	104.3	232.1
hp589	14.7	622.4	561.9	677.7	539.5	1070.5
hp590	3.1	78.1	62.4	78.5	92.2	81
hp591	4.6	11.8	10.9	15.6	7.8	15.8
hp592	3	7.5	6.8	6.8	7.7	8.2
hp593	3.3	30.1	27.2	28.1	32.1	37.3
hp594	9.3	6.5	4.6	5.1	4.6	5.8
hp595	3.4	5.8	11	9.6	9.4	8
hp596	13.1	30.7	49.8	26.1	66.1	51.6
hp597	4.1	417.7	204.9	186.9	619.6	468.4
hp598	8.3	19.3	17.3	13.9	21.1	25.9
hp600	4.7	14.5	13.7	15.7	13.4	15.8
hp601	3.3	76	75.5	52.1	93.7	148.6
hp602	3.8	12.4	18.8	13	14.3	26
hp604	2.6	13.9	12	12.3	12.3	18.4
hp605	3.9	30.8	33.5	40.5	31.8	36
hp606	24.1	67	70.6	12.5	51.3	33.5
hp607	11	11.9	13.4	10.6	12.8	8.4
hp608	2.9	17.1	15.6	9.7	31.6	20.7
hp610	4.7	5.3	10.5	7	10.8	8.3
hp611	33.1	163.8	156.8	184.3	142.7	197.2
hp612	15.9	517.9	366	386.2	388.5	899.3
hp613	9.9	104.8	71.3	118.4	82.4	92.6
hp614	2.6	8.4	12.2	11.5	9.5	12
hp615	4.6	16.6	19.1	16.3	17.5	24.1
hp616	14.7	24.2	40.2	8.6	21.8	21.4
hp617	1.9	12.1	17.1	13.4	11.6	26.5
hp618	2.6	12.8	21.9	15.7	16.1	25.5
hp619	7.9	7.5	11.2	4.8	8.3	8.4
hp620	2.1	195	158.2	149.5	180.1	367.7
hp621	11.4	41.3	50.8	43.4	52.7	51.3
hp622	134.6	307.6	354.7	318.2	360	357.7
hp624	4.6	8.1	7.5	10	5.8	10.2
hp627	10.4	54.9	38.2	44.3	40.3	68.3
hp628	7.8	413.3	256.8	325	383.4	457.6
hp629	61.3	88.9	116.5	113.8	94.7	110.7
hp630	12.1	45.3	44.1	40.8	47.2	54.5
hp631	12.9	30.7	71.4	81.7	36.6	52
hp633	17.7	24.4	30.6	12.5	19.7	24.9
hp634	5.3	7.9	9.8	5	3.6	8.8
hp635	19.6	207.2	165.3	172.1	210.5	229.6
hp636	6.5	8.2	6.4	5.7	6.5	6.8
hp637	2.4	20.1	28.7	22	28.3	29.9
hp638	6.4	22.3	24.6	20.6	23.8	30.7
hp639	3	24.2	10.3	10.9	18.9	28.9
hp640	2.7	10.2	9.7	10.5	9	12.1
hp642	16.9	65	67.6	61.2	61.9	89.8
hp643	4.1	11.3	12.1	17.5	9.2	11.6
hp645	3.4	33.1	26.4	29.3	30.4	36.9
hp646	3.6	13.5	8.2	11.7	10.2	12
hp647	4	13.1	14.1	11.7	12.4	20.2
hp649	10.9	53.9	46.1	47.5	46.5	66.1
hp652	4.9	6.2	7.1	6.3	6.6	7.6
hp653	14.1	25.5	28.9	7.6	18.2	22.9
hp654	8.2	38.5	31	34	34	41.4
hp656	40.2	76.2	100.1	45.3	62.5	44.1
hp658	20.6	61.5	67.7	8.4	47.2	32.6
hp659	14.6	38.9	37.2	47.7	34.1	37
hp660	5.1	9.7	11.2	3.5	5.5	9.5
hp661	25.6	57.5	104.5	105.2	59.3	95.3
hp663	27.1	52.9	37.7	15.2	37.5	34.4
hp665	324.5	211.1	380.3	303.8	181	243.5
hp666	4.4	9	7.7	6.3	10.2	10.6
hp667	2.5	12	10.4	8.4	11.8	16.1
hp668	10.7	63.2	55.5	49.4	66.4	72.8
hp669	7.9	20.2	32	34	19.5	29.7
hp670	23.8	40.1	47.5	38.6	39.6	63.1
hp671	6.3	21.9	40.5	7.3	9.6	13.4
hp672	27	59	64.3	73.8	51.7	66
hp673	24.6	20.8	14.4	5	19.1	18.4
hp674	3	62	69.4	57	57.8	108.2
hp675	7.9	8.1	12	6.9	7.8	9
hp676	17.8	17.9	11.1	11.3	30.7	30.6
hp677	12.1	24.8	21.2	7.8	18.9	15.8
hp678	3.8	13.1	22	18.8	15.9	19.4
hp679	12.3	69.4	82.1	80.9	67.8	89.6
hp680	3.2	6.3	5.9	6.5	4.8	8.1
hp681	138.6	168.2	169.8	137.3	233.6	209.2
hp682	7.5	23.6	46.4	59	23	35.4
hp683	2	227.6	100.9	77.3	256.7	254.8
hp684	5.4	31.1	36.4	30.8	32.7	42.9
hp685	12.6	708.4	515	688.4	494.5	841.6
hp688	11.8	22.4	19.1	25.6	14.4	33.6
hp690	3	27.2	21.6	15.8	30.9	34.2
hp691	19.1	21.3	27.8	13.9	20.2	23.3
hp693	7.2	101	109.1	110.9	101.5	119.6
hp694	7.3	50.9	26.5	28.9	35.3	60.5
hp695	3	193.6	237.1	184.5	195.1	347.4
hp699	14.5	18.5	22.3	11.7	20	14.7
hp700	3	8.5	13.6	9.9	10.5	13.6
hp701	18.7	69.8	85.1	76	75.9	86.2
hp703	3.1	31.9	16.6	13.9	33.9	32.2
hp704	5.3	43.8	54.3	31.6	45.5	94.7
hp706	5.3	98.7	69.8	38	102.6	186.1
hp707	7.6	19.8	39.8	60.6	15.6	35.8
hp708	3.2	22.8	28	24	29.9	24.8
hp709	17.3	37.1	36.4	32.3	33.5	49.2
hp710	12.2	44.7	43.2	31.3	47.5	62.5
hp713	2.1	216.4	99.2	70.6	215.6	262.7
hp715	8.6	9.6	11.7	2.8	8.2	11.3
hp716	52.6	152.4	156.6	150.8	134.5	190.2
hp717	13.2	61.9	54.2	67.4	48.7	62.8
hp718	1.9	11.2	7.4	8.3	9	10.9
hp719	51	70.6	82.4	92	62.4	86.5
hp720	5.7	199.9	214.7	132.2	169.6	461.6
hp721	15.2	32.5	31.9	8	26.5	21.3
hp723	2.2	33.6	34.6	26	29.4	57.6
hp724	2.6	15.1	12.4	11.9	13.6	16.9
hp728	10.7	13.8	16.3	12.1	8.7	13.7
hp729	131.9	449.1	387.6	515.1	296.4	514.7
hp730	10.6	15.9	27.5	30.4	13.8	32.4
hp732	5.2	8.2	6.9	5.8	8.4	11.6
hp733	2	77.4	60.9	60.3	69	85
hp734	6.2	18	19.5	16.6	18.8	21.7
hp735	17.9	997.6	501.6	338.5	1198.6	1026.9
hp736	3.6	8.8	6.4	5.7	7.9	10.9
hp737	18.9	91.8	96	81.1	88.2	120.1
hp738	298.9	150.1	145.8	133.2	130.2	180.6
hp739	71.5	273.2	306.6	339.7	241.3	305.3
hp740	5.4	12.3	14	15.3	11.4	13.4
hp742	3.4	16.2	16.4	11.7	17.6	21.8
hp743	5.7	28.8	27.9	42.7	23.5	23.8
hp744	73.7	170.4	198.7	47	86	167.7
hp745	4.1	20.4	38.1	28.3	24.5	34.6
hp746	7.2	10.1	13.9	10.3	12.2	14.6
hp747	11.9	5.6	18.4	6.4	10.4	6.1
hp748	2	3.6	6.7	6.4	3.7	6.2
hp749	5.3	24.6	25.9	26	22	28.6
hp750	6.6	11.8	9.6	6.2	6	10.3
hp751	2.1	42.1	30.3	39.7	36.2	33.1
hp752	53.7	69.6	77.9	79.5	63.8	83.6
hp753	17.3	144.1	150.3	140.6	123.6	187.7
hp754	4.5	8.3	9.4	11.9	8	7.7
hp756	4.9	22.3	31.4	22.2	25.4	34.3
hp757	4.5	9.9	11.2	6.6	8.2	3
hp759	55	190.4	237	231.2	179.1	236.7
hp760	4.6	18.8	11.8	4.1	7.2	9.2
hp761	9.7	32	31.5	23	40.6	35.4
hp762	16.1	18.4	24.6	17.4	15	18.9
hp763	14.2	33.8	20.1	10.6	20	19
hp765	6.9	19.6	28.6	25.6	21.6	25
hp766	4	21.3	14.3	13.7	20	20.3
hp767	4.9	25.1	21.6	15.4	26.7	32.2
hp768	8.9	72.3	58.6	57.6	62.7	76.7
hp769	2.5	34.4	31.6	34.1	25.4	41.6
hp770	2.3	240.3	64.1	72.6	229	136.3
hp771	20	56.4	54.7	68.7	42	60.8
hp772	18.5	58	92	80.7	67.8	75.1
hp773	12.9	9.7	8.1	7.4	19	18.7
hp775	3.8	47.7	35	43	41.8	37.8
hp776	26.2	54.7	67.6	79.6	47.9	61.9
hp777	15.7	37.8	49.3	9.4	30.9	26.1
hp778	48	63.1	85.2	83.8	60.6	87.6
hp780	9.3	28.6	33.3	33.6	28.3	30.7
hp781	2.3	10.7	12.5	9.6	13.3	12
hp782	26.6	84	74.9	71.2	75.2	92.6
hp783	31	96.4	115.5	131.6	66.8	143.7
hp784	23.9	85.1	87	101.6	74.9	82.6
hp785	26.8	66.8	98.9	79.9	69.2	101.3
hp786	28.1	115.6	142.5	118.7	114.1	154.6
hp788	19.4	57.2	25.6	11.6	28.5	27.1
hp790	3.7	45	41.7	47.3	32.4	51
hp791	18.4	58.8	70.2	18.9	39.5	28
hp792	5.5	13.1	10.7	9.7	14.6	12
hp793	5.3	160.5	211.6	208.6	118	241.1
hp795	15.3	17.2	15.2	16.5	15.3	22.3
hp796	2.4	14.5	13.7	11.4	15.3	15.3
hp797	8.2	941.6	514.1	673.4	493.9	940.4
hp798	25.4	36.3	44.5	47.2	34.2	42.4
hp799	6.4	16.3	22.6	5.2	11.2	12
hp800	7.7	43	41.3	38.7	35.9	51.7
hp801	30.4	204.6	154.5	153.7	158.5	224.5
hp802	5.8	18.5	23.6	17.3	19	27.6
hp803	39.4	95.4	86	78.5	81.1	117.5
hp804	3.5	52.8	78.3	46.8	55.6	96.1
hp805	6.8	26	42.6	26.3	35.1	40.4
hp806	35.6	85.1	87.9	97.9	78.8	81.7
hp807	8.9	19.5	21.8	20	18.5	23.1
hp808	31.7	45.2	53.4	2.4	48.3	39.7
hp809	2.4	6.2	12.7	11	7.4	9.4
hp810	2.8	17.2	15.8	14.8	22.7	12.8
hp811	15.8	92	99.2	8.6	61.5	31.6
hp813	47.3	228.4	225.1	193	205.4	279.1
hp815	9.9	24.6	32.3	8.2	19.9	15.2
hp816	2.6	13.3	17.5	11.9	13.5	21.2
hp817	18.2	82.1	125.2	104.7	90.6	106.1
hp819	5.6	13.8	20.4	13.1	21.3	17.3
hp820	86.7	162.7	131.5	62.8	120.5	118.3
hp821	15.9	24.7	31.4	42.4	19.2	33.4
hp822	4.7	11.7	14.3	15.1	8.6	17.6
hp823	17.1	142.7	113.6	102.2	132.2	140.7
hp824	29.3	81.3	112.3	18.3	61.5	56.3
hp825	36.4	119.4	167	141.1	123.3	156.1
hp826	3.3	16.5	10.9	13.2	14.7	12.1
hp827	20.4	48.8	38.6	38.9	43.8	47.5
hp830	7.2	6.4	18.9	21.1	6.4	27.4
hp833	2.2	90.8	34.7	38.1	76.7	56.4
hp834	7.6	40.2	39.5	43.3	35.8	37.2
hp836	3.1	10.7	6.4	9.6	7.1	8.7
hp837	2	42.2	41.9	28	49.5	45
hp838	3.5	34.2	40.8	32.9	32.6	42.4
hp839	4.2	7.9	14.5	8.5	12.2	12.9
hp840	48.2	155.5	108.6	76	168.6	203.3
hp841	21.6	61.6	61.5	23.5	50.6	22.7
hp842	66.1	66.1	96	87	70.8	103.7
hp843	20.7	50.3	59.1	46.1	56.2	59.7
hp844	2.8	5.1	7.1	6.6	4.2	8.6
hp845	8.9	47.8	49.6	5.3	29.4	19.4
hp846	3.8	16.2	18.9	18.9	16.3	15.8
hp847	111.5	144.6	94.5	81.5	412.3	170.4
hp848	52.1	85	73.2	36.3	62.7	73.6
hp849	3	83.9	48.7	26.7	86.1	102.7
hp850	13.3	72.7	92.6	80	57.3	109.2
hp851	15.2	18.6	19.2	11.8	15.9	19.1
hp853	4.9	16.4	20.6	5	12.6	7.1
hp855	6.1	13.3	16	11.6	16.8	15.4
hp856	36.4	12	35.9	17	15.6	21.4
hp857	6	6.8	11.4	6.5	5.5	7.5
hp858	9.1	45.7	53.6	55.6	43.5	44.2
hp859	3.5	26	15.2	16.5	17.5	25.3
hp860	9.7	18	21	10.9	16.4	10
hp862	69.2	105.7	108.1	116	91.5	113.3
hp864	2.4	17.6	17.1	15.2	14.9	19.6
hp865	4.6	34.1	30.9	34.9	22.1	38.4
hp867	2.6	33.1	26.9	21.3	28.5	36.2
hp868	2.6	33.9	42	25.1	36.8	47.3
hp869	69.7	241.8	329.1	44.2	184.4	138.1
hp870	3.3	13.1	14	10.8	12.4	16.5
hp871	7.9	17.6	26.3	24.7	16.7	23.7
hp874	16.7	16.5	20	16.3	15.3	18.1
hp875	48.5	148.9	208.3	187.6	141	189.9
hp877	13.9	57.2	46.8	42.3	52	56.3
hp878	25.2	66.2	74.1	46.4	88.9	81.1
hp879	6.2	27.7	41.6	43.1	26.1	30.9
hp880	2.6	7.2	5.9	8.3	4.6	7.2
hp881	22.2	51.2	50.1	29.2	34.1	26.9
hp882	3.4	24.8	20.4	15.8	22.8	26.5
hp883	10.3	25.2	21.9	17.6	22.8	32
hp886	7.9	8.4	8.6	6	8.7	8
hp890	21.5	583.8	679.4	319.7	573.2	1000.8
hp891	25.6	70.8	54.5	27	42.9	36.5
hp892	18.3	22	41.8	12.7	22	26.7
hp893	11.6	73.2	73.3	51.3	68.5	93.3
hp894	10.9	31	35.6	30.3	27.4	39.8
hp896	22.2	73	87.7	80	61.4	92.2
hp897	2	156.1	83.8	33.8	184.2	173.9
hp898	6.3	17	21.7	15.3	18.3	22.9
hp900	11.6	24.5	24.2	21.9	25.5	23.8
hp901	22.3	57.6	80.6	19.9	48.8	34.7
hp902	3.2	10.5	14.9	3.3	6	7.2
hp903	2.6	17	15.6	14.1	14	17.6
hp904	2.5	14	11.9	9.9	13.4	13.4
hp906	6	49.7	68	52.7	55.3	52.3
hp907	9.8	38.9	41.4	38.7	35.3	39.9
hp908	2.4	19	15.1	12.1	13.1	25.2
hp910	10	43.9	73.2	7.5	28.4	25.9
hp911	6.5	22	22.1	17.7	26.1	20.2
hp913	10.5	27.8	33	10.5	25.8	12.1
hp914	3.7	23.4	36	31.3	21.1	29.8
hp915	17.1	3069.2	1349.2	701.1	2868.9	2533.2
hp916	30	60.5	91.4	83.2	51.5	96.7
hp918	2.1	111.1	65.3	45	77.8	115.6
hp919	9.7	23.1	28.3	11.8	18	12.3
hp920	4.4	7.5	7.4	7.7	7.9	6.5
hp921	24.1	31.8	34.3	16	24.8	35.5
hp922	8	12.9	22	18	18.8	14.5
hp925	3.4	35.3	29.9	25	29	35.3
hp927	11.7	81.2	53.7	52.7	65.5	68.5
hp928	4.7	9.6	9.6	3.6	8.2	6.7
hp929	4.2	66.1	93.1	67.3	52.3	94.2
hp931	4.1	12.2	12.4	13.6	7.9	15.9
hp932	19.7	60.3	69.7	16.6	42.6	36.3
hp933	2.2	6.5	7.9	4.4	9.5	8.2
hp934	6.5	18	24.3	17.2	23.7	19.8
hp935	6.9	17.3	22.6	17.5	19.4	20
hp937	3.1	14.1	22.8	2.7	7.2	9.4
hp938	23.3	44.3	57.6	72.9	33.8	54.8
hp939	8.4	92.6	97.4	77.8	79.5	98.7
hp944	15.8	39.7	71.6	55.9	45.7	54.7
hp945	286	336.6	477.6	343.5	228	360.7
hp946	4.8	24.5	20.2	15.7	22	26.2
hp947	4.8	316.9	196.5	188.1	153.5	309.4
hp948	5.8	21.1	22.3	15	29.2	20
hp949	13.5	49.4	60.8	42.2	50.6	63.9
hp950	77.6	200.4	210.8	172.9	204.7	213.2
hp951	3	13.3	20	11.6	13.3	23.1
hp952	2.2	59.8	58.5	23.9	66.6	83.6
hp953	2.7	113.9	114.4	48.9	105.6	169.4
hp954	9.4	52.3	60.4	54.9	47.4	52.3
hp955	4.6	25.4	21.4	15.7	23.2	27.9
hp956	9.4	57.1	58.4	48.7	49	61
hp958	13.6	102.2	85.2	60.9	92.4	109.6
hp960	5.8	37.1	43.6	36	31.2	43
hp961	4.7	12.6	20.2	13.3	20.6	13.2
hp962	2.1	5.5	5.9	5.7	4.7	6
hp963	3.4	8	9.8	9	9.6	7.1
hp964	12.8	71.7	85.3	54.4	69.6	96.4
hp967	2.9	15.1	17.6	12.2	15.4	17.6
hp968	19.5	78.4	87	97.1	60.4	77.2
hp969	6.5	29.3	27.2	26.8	18.9	35.8
hp970	91.7	35.4	36.8	46.6	34.1	34.1
hp971	8.9	14.7	14.2	13.5	12.2	17.6
hp972	34.1	53.7	61.7	35.7	42.5	46.7
hp974	3.5	18.6	23.3	13.6	21.8	23.1
hp975	27.7	98	123.6	93.7	117.8	97
hp976	9.1	12.1	13	11.3	14.1	12.1
hp977	2	7.1	7.4	3.3	11.8	10.3
hp978	842.8	279	359.6	295.4	302.1	407.7
hp979	16	25.7	23.7	23.6	20.3	31.9
hp980	17.8	37.9	83.4	24.7	27.7	27.3
hp981	10.1	24.9	22.9	2.3	18.9	21
hp983	7.2	41.3	51.2	40.1	35.6	49.8
hp985	10	26.5	34.6	6.1	20.9	20.6
hp986	4.2	8.6	10.9	9.3	9.8	8.8
hp987	5.7	42.9	34	26.2	37.7	40.9
hp988	1.9	168.3	344.2	188.3	162.3	199.5
hp989	7.5	23.5	17.3	6.9	14.7	12
hp990	3.9	6.8	16.5	5.5	4.4	6.2
hp991	12.2	30.4	34.7	25.1	35.1	33.3
hp992	1.8	9.7	12.5	10.1	8.5	11.3
hp993	7.4	290.9	270.2	155.6	199.2	376
hp994	3.3	14.6	15.2	13.8	11.2	16.4
hp995	10.8	29.8	36.6	26.3	32.8	34.5
hp996	9.8	22.4	20	17.2	17.9	28.5
hp997	6.3	47.1	46.9	33.6	40.3	53.4
hp998	4	14.4	14.4	2.4	13.3	6
hp999	2.4	10.2	10.4	10	9	9.2
hp1000	7.7	28.9	33.9	24.3	25.7	38.4
hp1002	9.5	24	30.5	10.1	20.4	13.3
hp1003	8.2	31.9	35	25	33.6	34.3
hp1004	20.9	39.7	51.1	46.3	46.6	37.8
hp1005	4.3	7.1	17.2	13.2	8.6	12.7
hp1006	7.4	21.7	29.8	22.3	21.4	28
hp1007	20.9	86.8	83.8	66.6	79.3	90.1
hp1008	33	117.3	82.1	64.5	105	122.8
hp1009	7.3	24.3	29.6	18.8	23.8	35
hp1010	11.9	45.4	44.6	33.8	38.8	54.5
hp1011	3.7	19.8	26.3	13.3	24.8	26.4
hp1012	2.3	19.1	23.4	18.7	16.7	19.8
hp1013	3.2	138.5	201.8	80.7	143.9	187.6
hp1015	529.7	230.8	266.2	235.2	222.8	326.9
hp1016	6.7	113	110	91.3	76.9	112.9
hp1017	3.8	19.1	26.8	18.9	17.8	24.7
hp1018	2.4	27.5	28.7	18	25	30.4
hp1019	14	34.3	31.2	35.9	30.3	27.4
hp1020	7.5	28.6	35.8	34.8	22.8	31.3
hp1021	11.1	86.9	80.6	51.2	85.6	89.9
hp1023	260.6	51.3	33.9	98.1	141.2	144.7
hp1024	13.1	50.2	78.6	65.2	54	52.8
hp1025	6.8	32.3	30.9	25.4	25.7	35.3
hp1027	10.6	36.1	43.5	13.3	22.8	18.9
hp1028	9	31.3	31.1	10.2	19.3	16.1
hp1030	46.9	73.2	128.5	94.8	71.6	138.8
hp1031	175.3	681.3	870.3	773	555.8	789
hp1032	4.6	7.5	6.9	6.7	6.6	7.9
hp1033	8.2	62.7	50.1	50.2	42.7	54.8
hp1034	24.8	88.6	108.2	74.7	94.9	99.5
hp1035	97.9	84.3	222.3	129.5	119.1	285.4
hp1036	3.1	10.2	10.5	8.6	10.9	9.1
hp1037	5.7	22.1	19.2	20.4	17.7	18.3
hp1038	25.2	76.2	110.3	20.3	54.7	57.8
hp1039	2.6	53.8	38.5	17.7	52	58.4
hp1041	2.6	13.7	16	9	14.9	16.8
hp1043	5.5	16.5	22.5	3.7	13.9	11.2
hp1044	12.2	22.4	22.2	7.2	19.3	19
hp1045	12.2	13	39.3	19.1	21	40.8
hp1046	2	7.9	7.6	5.7	5.2	12.9
hp1047	2.3	24.3	69.6	35.2	27	42.5
hp1048	12.9	23.4	37.7	25.1	11.9	17
hp1049	8.2	17.5	17.1	12.7	16.9	21.5
hp1050	11.8	53.1	38.3	32.2	40.4	54.2
hp1051	3.5	23.1	27.6	27.3	16.8	22.6
hp1052	2.7	7.7	7.2	5.5	9.1	6.5
hp1053	2.6	31.7	28.9	16.3	26.7	37
hp1055	7.3	9.9	17.1	13.6	11.7	13.7
hp1056	46.8	162.9	122.9	97	134.5	177.2
hp1057	4.7	9.2	7.4	4.6	14.7	11.5
hp1058	5.9	7.9	18.2	9.5	12.8	15.6
hp1059	13.9	32.5	24.3	19.9	28.5	36.9
hp1060	26.3	62.5	80.9	24	41.4	55.3
hp1061	10.2	27.5	30.5	21.3	31.7	28.7
hp1062	15.8	54.6	44	34.7	47	57.2
hp1064	3.1	39.1	37.4	19.5	35	46.4
hp1065	82.4	215.1	196.5	138.4	224.5	236.3
hp1066	4.9	30.1	27.6	20.4	31.2	24.6
hp1067	2.4	8.1	13.5	10.3	8.3	9.7
hp1068	2.4	29	39.2	17.8	27.8	41.7
hp1070	13.9	131.7	134.4	110.8	109.3	111.8
hp1071	3.2	11.2	15.4	8.4	15.8	12.6
hp1072	59.1	54	94.6	61.1	84.5	91.1
hp1073	4	9.7	11	9	9.8	9.9
hp1075	7.3	31	36	26.6	27.1	35.7
hp1076	9.6	407.5	473.4	143.1	433	548.8
hp1077	2.9	9.4	8.4	10.9	4.9	11.3
hp1078	27.4	82.2	91.9	46.5	99.8	120.2
hp1079	171.5	68.9	80.5	71.8	71.3	97.7
hp1080	2.7	6.9	6	3.8	7	9.2
hp1081	2.1	13.8	16.4	6.9	16.9	18.8
hp1082	8.4	23.8	28.2	19.2	24.8	27.9
hp1083	16.8	105.4	157.7	111.1	103.7	111.7
hp1085	4.4	5.4	9.4	5	4.9	5.6
hp1086	7	23.1	36.2	34.9	20.1	25.1
hp1087	20.8	31.8	67.4	42.6	39.3	57.6
hp1088	20.3	64.6	73.5	19.9	48.2	37.2
hp1089	5.1	11.9	13	8.7	13.6	13.3
hp1090	3.6	37.2	41.7	27.4	28.9	41.3
hp1091	6	27.8	60.8	7.4	18.7	15.5
hp1092	19.1	69.1	72.8	63.3	61	64.9
hp1093	3.3	87.5	29.6	21.8	78.3	44
hp1095	4.8	13.5	12.6	8.9	15.2	13
hp1096	18.8	45.4	45.8	20.7	28.3	33.9
hp1097	2	15.8	25.1	12.2	23	15.9
hp1098	4.6	63.1	54.4	28.3	56.3	65.4
hp1099	312.4	446.5	647.3	641	399.7	590.9
hp1100	1.8	8.8	8.6	7.2	6.3	9.5
hp1101	21.6	33.4	46.6	53	27.6	41.3
hp1102	9.5	27.2	30	5.9	23.4	18.3
hp1103	5	135.2	128.9	76.8	103.9	117.7
hp1104	2.5	16.9	11.5	7.8	13.2	17.5
hp1105	13.6	76.3	68.7	52.5	74	62.1
hp1106	2.7	225.4	179.2	80	163.4	193.1
hp1107	13.9	43.6	42.5	40.5	34.6	41.7
hp1108	8.7	177.7	242	116	156.9	205
hp1110	93.7	355.2	471.5	321.1	353.2	406.1
hp1112	18.9	299.2	323.8	162.2	232.6	370.9
hp1113	19.3	58.5	64.2	27.2	45.9	24
hp1115	4.6	34.8	42.8	25.9	27.1	45.4
hp1116	4	18.4	16.9	14.9	15.4	15.6
hp1118	2.1	6	10.8	6.8	8.5	6.5
hp1119	9.9	26.8	49.7	40.2	23.2	39.7
hp1120	2.6	25.3	48.6	14.7	39	38.6
hp1121	2.5	70.5	72.9	38	63	58.5
hp1123	7.9	29.6	53.5	7.4	22.1	20.6
hp1124	24.8	87.8	90.7	73.6	87.2	76.2
hp1125	11.6	83	159.6	14.7	52	34.9
hp1126	4.5	16.2	15.5	6.9	8.4	8
hp1127	7.2	19.2	23.4	12.9	23.5	24.6
hp1128	4.3	18.2	19.5	13	18.5	18.1
hp1130	12	15.3	37.5	10.8	16.8	17.7
hp1132	4.2	8.9	17.7	7	5.8	6.8
hp1134	4.3	23	34.4	21.3	22.3	27.2
hp1135	2.1	19	13.5	4	4.3	7.4
hp1136	14	104.3	124.7	74.2	94.1	114.2
hp1137	5.8	35.7	39	28	30.3	35
hp1138	4.7	4.6	10.1	13.5	4.9	7.1
hp1140	9.6	24.3	22.6	17	19.7	31
hp1142	43.5	14.3	12.5	18.9	29.1	33.2
hp1143	9	25.5	39.6	11.3	17.7	17.7
hp1144	2.9	3.2	5.6	3.5	5.2	4.4
hp1145	7.3	19	24.8	22.5	18.2	18.3
hp1146	3	86.1	101.1	40.7	87.5	81.2
hp1147	5.7	13.8	26.3	5.5	11.3	12.3
hp1149	4.8	11.9	12.7	9	13.7	11.5
hp1150	2.4	11.7	17.2	11.2	11.7	12.8
hp1151	7.7	7.8	7	6	8.5	13.4
hp1152	3.8	22.3	27.5	18.2	18.6	25.3
hp1153	50.7	92.3	163.3	141.3	106.1	103.6
hp1154	6.8	16.2	30.8	15.8	20	27
hp1155	2.8	25.4	31.1	25.2	18.4	23.5
hp1157	5.4	21.4	28.1	23.9	15	26.3
hp1158	4.1	14.5	15.4	12.7	10.5	16.8
hp1159	7.2	30	26.1	26.5	20.1	27
hp1160	40.5	125.4	131.1	110.1	117.2	113.3
hp1161	27.8	106.2	112.4	30.6	70.1	56.8
hp1162	49.9	204.2	180.5	124.3	187.1	202.3
hp1163	5.7	14.9	11.8	9	12.6	16.8
hp1164	2.3	32.3	39.2	24.5	25.2	30.6
hp1165	7.8	21.8	36.7	17.9	26.6	34.2
hp1166	9	5.6	6.2	9.7	2.6	5.6
hp1168	5.5	23.4	25.4	16.7	23.7	22.8
hp1169	13.9	66.3	52.9	15.1	44	24.8
hp1170	15	39.5	43.1	36	36.4	38.8
hp1171	6.1	29.9	50	5.2	22.6	18
hp1172	9.1	288.8	315.3	132.2	266.2	253.4
hp1173	6.8	42.8	72.8	44	38.2	54.4
hp1175	6.6	14.2	12.3	11.8	13.1	12
hp1176	11.3	333.3	295	166.7	190.9	331.4
hp1177	9.4	31.3	17.5	12.4	29.5	33.2
hp1178	5.1	53.3	65.3	37.9	53.4	45.8
hp1181	6.2	33.5	31.1	17.3	31.3	37.5
hp1182	2.3	12.3	24.4	10.6	16.3	16.3
hp1183	8.2	25.5	32.5	22.9	22.5	31.2
hp1184	2.1	145.4	71	30.1	114.2	92
hp1185	22.3	41	46.1	52.1	39.2	33.6
hp1186	10	19.2	22.2	22.3	15.9	20
hp1187	9.5	22.7	38.3	30.8	19.7	31.3
hp1188	7.6	29.2	48.6	32.4	27.4	36.9
hp1189	6.2	19.8	20.6	6.9	12.5	12.8
hp1190	2.7	60.3	68.2	29	50.2	63.2
hp1191	2.4	10.4	13.3	2.8	7.1	5.3
hp1192	2.3	14.5	12.7	16.4	5.9	15.4
hp1194	6.7	13.9	10.4	8.7	11.6	15.7
hp1195	2.5	124.1	119	21.4	126.2	211.8
hp1196	3	16.5	10.6	7.5	13.5	14.6
hp1197	55.4	135.6	123.6	90.8	128	144.1
hp1198	21	40.7	134.9	143.4	41	65
hp1199	2.1	4.7	10.4	4.3	8	7.8
hp1200	3.2	26	67.4	25.7	23.7	55.4
hp1201	4.2	13.7	14.1	15.3	9.4	12.6
hp1202	36.7	61.9	94.2	68.5	66.7	80.2
hp1204	42	120.8	154	43.6	84.2	91
hp1205	29.2	158	174.9	101.4	157.9	158.8
hp1206	8.4	46	30	20.6	44.2	36.2
hp1207	10.5	91.3	99.9	54.6	78.1	95.6
hp1208	38.7	171.2	176.3	118.9	154.4	170
hp1209	35.3	147.7	191.4	140.2	117.1	170.2
hp1210	4.4	9.5	11	5	7.5	6.9
hp1211	2.9	14.1	17.7	13.1	11.2	15
hp1213	4.1	22.8	28	18.6	21.4	21.5
hp1214	9.5	30.2	22.8	19.5	22	30.5
hp1216	6.7	86.4	66	27	84.6	87.6
hp1217	2.4	6.1	7.7	3.1	2.6	6.1
hp1218	27.3	60.1	72.2	16.7	55.6	52.9
hp1219	7	21.5	28	16.6	20.3	29
hp1220	13.2	58.4	115.6	18.1	32.2	42.6
hp1221	34.5	114.3	71.2	67.6	95.3	86.1
hp1222	6.4	10.5	8.1	3.6	8.8	9.2
hp1223	3.2	27.1	26.9	20.3	21.8	20.7
hp1224	160	565.1	381.4	290.1	490.1	516.7
hp1225	8.6	23.6	23.5	15.6	23.5	25.5
hp1226	4.9	5.3	6.4	3.7	4	7.3
hp1227	2.4	5.7	12.7	5.5	6.6	12.8
hp1228	20	23.8	27	22.1	24.1	30.2
hp1229	2.8	8	10.7	7.8	7.5	8.9
hp1231	2.8	23.9	24.1	11.3	20.9	27.7
hp1233	4	6.4	8.2	5.3	7.1	8.7
hp1236	5	84.4	160.7	81	59.6	107.3
hp1237	2.4	76.1	62	26.6	57.3	63.9
hp1238	38.1	110.8	102.6	61.5	125.2	116.5
hp1239	4.3	12.1	13.8	6.2	14.2	19.8
hp1240	16.4	31.8	45.5	37.5	26.7	43
hp1241	3.4	25	22.5	10.5	27.2	24.2
hp1243	13.6	11.8	22	8.6	14.2	17.6
hp1244	10	35.6	23.8	7.2	23	20.6
hp1245	6	18.1	28	15.3	19.3	24.7
hp1247	4.8	10.7	16.1	5.2	9.7	8.1
hp1249	22	71.3	74.7	58.7	64	66.4
hp1250	4.5	24.8	33.6	21.7	23.9	23.4
hp1251	5.5	12.5	19.2	13.6	11.5	17.1
hp1252	5.3	10	15.8	10.9	10.9	12.8
hp1253	9.2	34.4	36.9	31.5	23.7	37
hp1254	199.5	422.2	533.1	316.9	522.1	491.1
hp1255	5.3	33.1	39.8	16.7	34.1	42.7
hp1256	3.4	10.6	11.3	2.6	7.7	8.2
hp1257	2.3	33.5	32.1	20.3	24.8	25.4
hp1258	7.5	24.9	27.4	11.4	20.5	9.6
hp1259	132.8	201.4	235.3	149.7	152.2	197.1
hp1261	2.1	34.3	27	19.3	25.3	20.9
hp1262	4.8	70.8	88.3	40.9	53.9	77.8
hp1263	47.4	147.4	140.2	88.4	145.5	156.4
hp1264	90.7	113.8	124.8	82.7	151.1	152.6
hp1265	41.5	81.8	211.5	122.1	100.6	140
hp1266	2.1	8.9	23.8	2.9	5.3	7.9
hp1267	35.4	110.6	112.9	75.4	96.9	124.7
hp1269	6.9	18.2	20.4	14.7	15.7	20.9
hp1270	5.9	13	16.8	8.2	17.6	17.6
hp1271	6.1	9	14.5	10.5	9.6	12.8
hp1272	4	18.2	20.1	14.9	14.3	17.6
hp1273	2.8	8.1	5.3	5.8	5.8	6.2
hp1274	158.3	354.4	380.5	201.3	409.7	501.3
hp1275	3.8	6	6.2	4.6	4.8	4.8
hp1276	14.7	66.3	79.1	44.6	63.4	72.8
hp1277	11	66	63.6	40.1	57.3	59.1
hp1278	2.8	7.7	14.9	9.2	7.3	11.5
hp1279	16.2	9.8	12.8	11.7	14.9	15.4
hp1280	3.3	7.9	7.3	4.4	7.9	10.4
hp1281	10.5	29.3	27.3	6.7	23.6	22.2
hp1283	10.7	17.1	17.9	7.6	18.3	14
hp1284	5.7	33.4	31.9	20.4	26	32.9
hp1285	40.5	164.2	143	129.5	113.5	144.4
hp1286	10.7	55.6	66.8	50.4	46.5	48.2
hp1287	2.8	13.6	15.8	7.4	13	17.6
hp1289	3.1	7	6.7	4.3	5.2	4.1
hp1290	5.9	17.9	17.7	10.7	15.9	22.7
hp1291	3.2	41.4	47	3.5	17.7	17.3
hp1292	42.1	50.9	98.4	31.9	58.1	64.9
hp1293	15.9	53.7	56	46.1	46.3	46.9
hp1294	9.3	33.2	43.6	28.7	31.7	34.8
hp1295	4.5	10.8	9.1	4.4	16.2	14.6
hp1296	7.5	9.6	15.4	13.2	8.4	16.2
hp1297	6.9	7.1	4.2	3.5	5.6	6.8
hp1298	75	356.9	258.1	202.4	273.3	294.5
hp1299	3.2	33.1	32.5	15.5	27.5	33
hp1300	11.4	27.6	26.3	25.9	18.2	30.5
hp1301	174.4	690	706.7	495.2	544.5	725.8
hp1302	141	42.4	71.5	66.1	52.2	66.3
hp1303	5.2	20.5	43.7	22.6	26	24
hp1304	3.6	28.4	57.4	2.9	19.2	18.9
hp1306	9.9	181.6	199.6	96.3	148.6	144.8
hp1307	64.3	86.1	81.3	83.9	67.9	100
hp1308	11.3	4.9	7.3	6.8	10	9.4
hp1309	3.4	5.2	7.8	3.1	5.1	5.5
hp1310	9.9	30.7	33.1	8.1	29	17.8
hp1311	14.5	41.2	47.7	41.4	31.6	42.7
hp1312	4.3	16.3	15.1	12.1	16.5	11.4
hp1313	19.1	43.6	46	67.8	26.3	40.8
hp1314	12.7	41.8	44.9	14	25.9	30
hp1315	7.8	20.6	21.9	17.7	16.7	21.8
hp1316	2.9	56.3	76.7	35.6	44.1	50.1
hp1317	3	18.8	21	13.4	17.1	15.7
hp1318	5.5	47.2	40.1	22.5	41.8	37.7
hp1319	6.4	20.4	24	17	18.8	20.3
hp1320	4.6	12.9	32	7.8	7.7	11.7
hp1321	11.2	19.3	18.6	6.8	17.7	18.2
hp1322	2.7	13.2	16.5	12	9.1	14.6
hp1323	12.3	15.2	14.9	8.1	16.5	14.2
hp1324	5.8	34.5	31.5	9.4	15	16
hp1325	3.1	4	13.6	9	5.2	8.3
hp1327	5.5	32.6	47.4	27.9	29.2	33
hp1328	7.4	24.9	49.4	24.5	30.2	32.4
hp1329	9.3	22.3	24.5	18.8	20	23.3
hp1330	4.4	25.7	18.8	5.4	12.5	11.5
hp1331	39.5	133.8	106.8	81.3	103.4	131.1
hp1332	5.2	21.9	28.5	15.5	20.5	26
hp1333	31.9	69.6	198.1	38.6	63	70.4
hp1335	2.7	13.9	12	2.5	5.3	11.2
hp1336	3.6	33.6	27.6	14.2	28.1	29.6
hp1337	2.9	22	43.1	13.5	27.6	30.9
hp1339	72.1	160	177.7	141.7	157.4	150.4
hp1340	12.9	27.6	26	18.5	25.8	30.8
hp1341	1.8	131.4	69.3	14.3	101.8	133.5
hp1342	174.3	235	225.9	184.6	224.3	288.4
hp1343	27.8	51.1	67.4	56.6	53.2	49.8
hp1345	2.2	318.6	623.6	50.6	394.3	518
hp1346	13.3	8.5	17.3	11.8	9.7	11.9
hp1347	4.9	19.6	15.5	10.4	15.3	20.3
hp1348	6.2	21.3	23.7	18.7	16	22
hp1349	5.2	137.5	180.9	64.5	112	127.5
hp1350	15.2	50.9	57.4	20.1	34.3	30.6
hp1351	3.8	12	14.3	4.4	6.9	9.9
hp1352	11.4	19.7	21.2	15.3	18.9	23.8
hp1353	21	25	34.1	26.9	18.8	26.4
hp1354	8.1	42.4	58.2	30.1	49.6	38.2
hp1355	7.4	13.2	17.8	11.1	13.8	18.4
hp1356	4.6	20.7	19.7	16.3	13.5	19.9
hp1357	6.6	30.4	35.7	20.8	28.4	30.6
hp1358	2.9	13.2	8.4	7.2	10.1	9.6
hp1359	3.2	2.8	4.7	2.8	3.1	3.7
hp1362	8.9	51.9	53.6	23.4	51.6	59.1
hp1363	143	269.8	246.8	203.5	271	244.4
hp1364	9.9	30.7	63.2	14.2	22.3	24
hp1365	2.4	24.1	22.3	11.6	18.5	21.6
hp1366	4.2	10.4	13.8	17.4	6.7	10.6
hp1367	8.8	31.2	38.5	23.3	30	32.9
hp1368	97.3	378.6	421.3	260	318.6	417.3
hp1369	2.6	10.9	20.6	13.6	9.4	12.8
hp1370	6.1	34.4	61.3	28.2	36.1	40.3
hp1371	6.4	17.9	24.9	12.2	19.8	24.3
hp1372	4.2	16	17.3	4.6	11.2	9.8
hp1373	3.5	23.5	36.7	22.4	20.8	21.4
hp1374	2.2	18.9	18.1	11	13.1	17.3
hp1375	14.6	23.5	29.3	19.5	25.4	29.5
hp1376	4.8	15	18.7	9.7	14.6	20.2
hp1377	19.1	83.3	102	112.7	55	65.1
hp1378	5.3	19.2	33.1	17.2	25.7	19
hp1379	16.8	1803.9	1028.8	155.7	1883.7	1457.7
hp1380	40.9	71.7	156.5	105	73.3	115.5
hp1381	10.7	49.1	63.1	34.5	40.6	60
hp1382	44.8	52.6	39.2	21	46.1	57.3
hp1383	3.2	10.8	15.7	7.2	14.6	11.8
hp1384	3	4.4	16.4	9.5	5.4	10
hp1385	14.5	27.4	22.7	15.5	19.3	21.6
hp1387	69.1	178.6	269.3	199.4	148.7	219.4
hp1388	8	21.7	23.4	8.7	14.6	17.1
hp1389	2.5	9.8	11.2	3.4	9.6	3.4
hp1390	4.3	5	6.9	5.2	7.5	5.1
hp1391	5.2	39.6	43.8	18	35.1	46.6
hp1392	12.2	20.8	38.4	5.4	28.4	24.6
hp1393	12.5	61.2	69.7	10.8	44.2	38
hp1395	12.6	56.5	63.5	37.1	51	56.4
hp1396	3.5	20.2	31.3	13.7	16.4	30.2
hp1397	2.8	34.9	29.4	12.8	25.8	33.7
hp1398	8.6	60.5	54.5	37.4	52.6	40.4
hp1399	7.8	28.2	25.8	16.9	21.8	31
hp1400	7.5	20.2	21.2	18.7	20.2	14.9
hp1401	2.1	32.9	32.2	14.7	20.3	33.4
hp1402	205.5	398.2	659.8	645.4	319.3	477.7
hp1403	3.1	13	13	4.4	8.7	6.2
hp1404	2.4	4.7	11.1	6.4	6	6.6
hp1405	2.1	9.1	15.6	8.4	8	11.9
hp1406	57.1	204.1	306	165	188.5	262.5
hp1408	19	54.8	62.7	40	50.4	60.2
hp1409	2.6	11.7	11.8	9	10.2	8.7
hp1410	7.7	25.4	42.7	11.6	19.1	16.5
hp1411	3.8	9.6	9.4	8.3	6.1	11.6
hp1412	11	22.1	19.1	8.7	18.8	17.5
hp1413	8.3	16.9	15.2	6.1	13.4	15.1
hp1414	5.4	34.2	37.2	21.6	28.4	30.6
hp1415	2	7.5	11	6.5	8.2	7.2
hp1416	4.6	26.8	30.5	14.4	28.9	24.5
hp1418	27.8	219.3	189.5	97.1	129	282
hp1419	2.8	20.1	51.9	28.3	15.7	26.1
hp1420	7.5	37.1	58.5	28.9	31.5	48.9
hp1421	3	9	11.3	5	8.6	15.5
hp1423	4.3	16	20.5	10.7	13.8	21.3
hp1424	20.4	83.7	103	76.1	58.9	88.6
hp1426	11.6	50.5	53.9	38.8	43.9	40.9
hp1427	4.9	17.1	21.8	9.7	19.9	20.9
hp1428	3.8	28.7	29.4	18.1	24.9	20.8
hp1429	13	36.2	34.6	19.3	41	37.6
hp1430	5.3	15.9	21.1	14.4	15.7	15.3
hp1431	8.5	30.9	39.8	21.1	33	32.2
hp1432	32.4	146.7	119.9	143.9	80.8	105.2
hp1433	11.1	19	25.4	19.7	16	25.7
hp1434	2.5	14.6	18.9	11.5	10.2	15.9
hp1435	31.4	51.7	62.3	25.5	42.2	59.3
hp1436	24.3	93.2	103.4	68.8	86.4	81.8
hp1437	4.8	14.5	14	4.8	10.1	10.7
hp1439	11.6	625.3	532.1	146.2	492.3	424.2
hp1440	11.3	7.9	10.7	6.2	10.1	11.1
hp1441	2.4	9	14.9	3.2	4.9	8.2
hp1442	5	9.7	24	6.1	11.3	8.2
hp1443	5.6	31.2	45.4	22.5	29	33.2
hp1444	28.8	60.7	76.8	54.4	53.1	74.5
hp1447	2.8	9.9	10.7	5.8	10.7	9.5
hp1448	29.1	80.3	108.8	58.9	82.7	98.8
hp1449	15.6	68.3	81.3	49.1	72.8	55
hp1450	8.6	15.1	9.7	5.3	14.1	10.3
hp1451	24.3	102.6	106.1	88.7	75	84.3
hp1452	12.8	47.4	64	35.2	41	58.6
hp1453	2.4	12.2	12.1	6.4	10	13
hp1454	9.7	9.9	24.5	8.7	12.9	12.9
hp1455	26.8	53.1	56	23.1	44.3	48.5
hp1456	3.6	69.2	100.5	51.3	41.4	59.6
hp1458	5.5	18.4	22.3	10.7	20.3	21.1
hp1459	21.1	63.6	79.5	50.6	56.3	70.9
hp1460	6.8	77	98.8	15.1	26.9	33.4
hp1461	4	11.3	9.7	7.1	9.2	11.1
hp1462	15.7	19	44.2	21.9	30.2	33
hp1463	5.9	20.6	20.2	37.2	14.4	10.2
hp1464	2.4	23.6	11.7	11.8	10.9	14.5
hp1465	28.9	65.8	111.8	70.3	59	95
hp1468	38.9	57.9	73.7	59	55	68.3
hp1469	2.7	5.3	6.8	3.6	5.5	3.1
hp1471	10.6	35.3	43.5	11	31.1	22.3
hp1472	15.5	40.6	42.7	22	32.5	22.4
hp1474	16.3	58.6	76.6	19.7	51.3	32.9
hp1475	19.7	55.7	104.9	26.5	49	41.5
hp1476	7.7	25.8	30.2	18.7	30.5	20.6
hp1478	15	25.9	38.1	11.9	24.8	29.4
hp1479	2.3	89.5	106.8	14.1	95.6	125.3
hp1480	3.6	8.3	15.6	7	11.9	10.9
hp1481	16.5	65	52.1	35	54.5	56.5
hp1482	10.4	59.7	79.9	32.6	57.9	70.3
hp1483	35.2	150.6	164.5	102.9	121.5	148.7
hp1484	9.7	19.8	29.6	30.4	14.7	21.9
hp1485	16	17.3	24.4	13.7	14.5	24.7
hp1487	36.4	6.1	3.8	7.5	8	5.1
hp1488	12.6	62.5	86.4	16.9	35.2	44.7
hp1489	2.4	8.9	13.8	3.2	6.4	6.2
hp1490	30.7	49.2	39.7	36.9	38.6	54.1
hp1491	5.8	10.5	10.5	6.2	9	8.3
hp1492	25.4	134.9	145.2	82	120.4	118
hp1493	4.9	21.4	31.1	16.1	18	26.2
hp1494	6.6	62.5	152	67.8	50.8	72.4
hp1495	34.3	88.6	125.1	43.2	65.1	74.2
hp1496	12.6	91.5	144.3	54.2	83.7	112.9
hp1497	29.7	39.1	59.9	32.6	34.5	44.9
hp1498	3	76.5	67.3	20.4	54.9	68.6
hp1499	18.8	58.1	80.7	51.9	48.5	67.3
hp1500	4.2	27.3	28.4	12.9	22.3	29.4
hp1501	6.4	16.6	29	16.7	17.1	20.6
hp1502	3.7	12.5	19.4	9.2	12.1	17
hp1503	27.1	54.8	131.5	28	46.2	72.5
hp1504	9.2	76.3	117.3	7.3	44.2	62.7
hp1505	12.4	66.3	47.3	9.4	38	42.1
hp1506	4.4	14.1	16.6	9.1	14.3	14.7
hp1507	3.9	22.9	9	7.3	18.2	13.3
hp1508	3.4	9.6	13.9	4.1	7.5	7.7
hp1509	7.7	32.3	40.8	28.4	23	33.4
hp1511	7	53	52.2	28.7	42.4	42.4
hp1512	42.7	80.1	94	53.3	66.4	63.7
hp1513	232.1	54.7	68.7	65.7	71.6	96.2
hp1514	2.4	4.9	5.1	3.5	6.2	4.1
hp1515	2.5	16.7	14.8	9.3	12	13.3
hp1516	10.3	22.5	34.2	22.6	22.5	26
hp1517	10	32.8	38.1	13.6	27.1	17.8
hp1518	103.1	134.2	136.5	132	114.2	146.3
hp1519	11.4	28.7	32.3	18.3	18.8	19.2
hp1521	7.4	32.9	30.4	18.9	24.9	31.8
hp1522	12.9	65.7	61.5	36.8	51.1	59.9
hp1523	6	21.3	17.5	7	12.1	14.4
hp1524	7.2	13.9	17.4	10.6	14.3	17.2
hp1525	15.6	47.7	47.6	29.6	42.5	48.8
hp1526	8.2	5.6	14.4	5.8	9	8.3
hp1527	2.5	5.3	4.4	3.1	5.3	5.2
hp1528	2.7	11.9	16.9	8.3	8.5	17.6
hp1529	5.9	15.9	18.2	10.8	16.4	16.3
hp1530	4.9	42.1	25.7	14.5	37.5	25.8
hp1532	17.2	45	55.6	12.1	40	43.3
hp1533	3.1	6.3	7.7	5.6	5	8.1
hp1534	3.6	9	6.9	5	7.5	9.2
hp1535	14	14.6	20.5	10.5	15.8	19
hp1536	10.7	54.4	85.7	20	32.2	31.4
hp1537	32.4	83.4	182.2	104.2	79.3	121.6
hp1538	20	38.1	66.2	27.1	31.6	36.1
hp1539	9.6	33.2	29.7	19.2	26.6	32.9
hp1540	18.8	447.9	610	193.7	342.6	373.1
hp1541	2.7	7.4	8.2	6.5	4.4	10
hp1542	23.3	81.1	83.7	69	69	60.1
hp1543	11.7	45.9	57	22	35.6	19.1
hp1544	5.3	50.5	47.8	20.4	43.4	41.9
hp1545	60.8	211.1	315.9	158.8	175.6	298.4
hp1546	5.2	29.9	38.2	17.2	27.1	31
hp1547	2.4	12.5	12.4	7.3	10.6	10.3
hp1548	18.1	46.6	78.3	40	36.7	87.7
hp1549	7.2	23.8	26.9	13.4	25.3	25.3
hp1550	3.7	9.8	8.8	4.5	8.5	15.1
hp1552	14.2	43.6	50.8	13.6	34.6	34.7
hp1554	2.5	11.6	13.3	6.7	11.3	10.7
hp1555	3.8	22.5	25.6	10.8	18.1	27.3
hp1556	11.5	58	78.9	35.9	55.5	61
hp1557	13.7	37.1	55.6	23.2	46.5	49
hp1558	25	17.7	18.5	23.7	12.5	20.8
hp1559	18.1	37.9	55	20	35.4	32.7
hp1560	19.3	208	214.3	117.3	145.4	149.9
hp1562	4.5	21.8	21.7	12.7	15.3	22.8
hp1563	4.8	6.4	12.6	8.3	7.6	9.1
hp1564	4.4	45.6	52.6	22.6	31.8	44.7
hp1565	10.3	17	14	8.8	19.6	21.6
hp1566	2.5	23.7	18.1	8.7	15.1	21.9
hp1567	2.7	14.7	17.9	6.3	14.6	18.5
hp1568	3.7	24	33.9	12	22.8	28.9
hp1569	20.9	36.8	47.1	23.8	37.4	28.7
hp1570	3.3	11.6	19.2	8.4	12.2	14.8
hp1571	6.5	17.3	46.3	9	16.9	15.7
hp1573	11.9	30.1	37.3	22.2	33.4	29.3
hp1575	5.5	17.4	20.5	4.7	15.6	13.4
hp1576	4.1	7.7	7.4	6.1	3.1	8
hp1577	5.2	17.2	19	2.8	16.6	15.1
hp1578	5.7	26.6	29.2	20.3	18.4	24.1
hp1579	5.9	20.1	21.2	12	17.3	21.5
hp1581	22	34.6	27	20.7	28.8	28
hp1582	1.9	8	9.6	5.6	6.2	8.5
hp1583	5.3	10.4	15	8.1	11.6	13.5
hp1585	2.2	14.8	16.8	7	12.4	15.4
hp1586	13.8	57.8	54.8	34.4	38.3	63.2
hp1587	15.5	33.3	42.4	24.8	34.2	39.3
hp1588	32.3	84.8	122.6	25.1	75.7	89
hp1589	11.2	251.7	278.9	100.3	162.9	194.5
hp1590	9.7	45.1	58.3	7.7	42.4	30.7
hp1591	5.6	22.4	23.2	12.2	16.8	27.2
hp1592	7.2	13.3	15	6.4	13.4	11.4
hp1594	2.9	29.7	38.3	3.4	14.9	19.3
hp1595	3.7	11.1	18.7	5.3	6.6	11.5
hp1596	5.7	11.1	15.8	3.2	12.5	12.8
hp1597	3	7.7	11	4.7	7.1	4.5
hp1598	5.9	27.2	37.7	16.6	23	34.2
hp1599	76.4	90.7	131.2	114.2	80.2	128.3
hp1600	7.1	17.3	22.2	9.4	11.9	15.4
hp1601	32.7	399.2	597.3	172.6	358.7	417.9
hp1602	4.8	35.6	39.9	18.1	27	34.4
hp1604	10.4	36.7	54.1	10.6	31.6	29.7
hp1605	8.8	19.6	24.6	13.5	20	24.1
hp1606	2.9	7	5.7	4.3	6.6	5.9
hp1607	4.8	17.3	15.4	10.2	16	13.4
hp1608	12.7	81.9	82.8	36.6	59.7	90.1
hp1609	4.1	15.7	15.4	7.9	16.8	13.7
hp1610	2.5	24.5	21.1	15.5	17.5	12.2
hp1611	5.5	33.1	42	19.5	33.4	26.5
hp1612	13.8	50.9	71.5	19.4	37.9	35.2
hp1613	2.6	19.4	35.3	5.4	11.6	10.2
hp1614	198.1	274.4	276	299.9	221.4	266.7
hp1615	3.4	11.9	24.3	5	6.5	14
hp1616	12.7	18.2	18	16.3	15.7	19
hp1617	16.6	59.7	71.1	28.2	36.4	38.3
hp1618	3.6	15.6	27.3	3.6	11.4	15.7
hp1619	3.8	18.1	18.4	4.1	11.9	12.4
hp1620	56.7	248.1	249	68.1	134.6	192.3
hp1621	4.7	14	9.9	6.6	14.2	11.2
hp1622	44.1	247.9	306.9	52.7	237.4	110.8
hp1623	2.9	15.5	16	6.5	18	13.2
hp1624	12.2	70.1	109.9	58.1	52.6	70.9
hp1625	72.5	428.3	484.1	103.3	319	200.6
hp1626	2.3	14.1	18.7	10.4	12.8	10.2
hp1627	16.9	36.7	48.8	29.5	40.8	37.4
hp1628	26.2	73.5	79	54	64.2	68.5
hp1629	9.5	53.2	69.8	4.9	46.5	49.7
hp1630	37.1	109.2	119.9	26.3	96	98.8
hp1632	16.5	76	83.1	55.9	56.1	63.4
hp1633	15.6	47.4	48.1	19.5	35.5	31.6
hp1634	27.8	157.9	214.6	33.7	107.4	109.9
hp1636	2.9	14.5	12.3	5.7	11.4	15.6
hp1637	7.9	20.4	25.6	15.1	20.4	20.8
hp1638	2.8	7	8.8	3.6	6.4	4.8
hp1639	4.7	23.7	23.1	14.1	18.9	18.6
hp1640	54	173.2	199.2	132.4	144	161.8
hp1641	5.8	9.5	10.7	10.6	5.2	16.7
hp1642	2.9	13.3	15.9	6.4	11.9	16.3
hp1643	4.8	31.1	30.2	18	20.4	26.1
hp1644	6.3	22.4	21.9	18.1	16.5	17.3
hp1645	3.6	22.5	29.1	7.2	13.7	10.8
hp1646	5.3	37.1	30.2	5.1	24.7	19.4
hp1647	21.5	97.2	101.8	53.8	83.1	89.3
hp1648	20.1	62.6	62.4	35.9	57.9	60.9
hp1649	4.6	19.1	32.9	13.4	18.3	24.3
hp1651	12	53.9	57.3	14.7	39.1	32.9
hp1652	3.7	12.3	17.4	8.2	13.4	13
hp1653	3.3	5.7	9	7.4	6.3	5.3
hp1654	10.5	45.6	53	37.3	37	34
hp1655	14.2	69.1	75.3	42	50	67.8
hp1656	8.5	84.3	99.9	29.8	75	86.3
hp1657	28.1	17.5	14.3	14.4	31.9	21.6
hp1658	20.7	62.7	50.7	17.4	46.5	48
hp1659	8.9	26.7	31.8	16.3	28.3	27
hp1660	11.7	65.3	64.2	28.2	62.6	56.7
hp1661	10.3	49.8	48.1	16.2	29.3	27.5
hp1662	13.3	48.8	72	48.1	31.3	57.9
hp1663	2.4	35	39.3	17.8	25.1	21.9
hp1664	2.4	23.4	22.6	10.6	15.2	19.4
hp1665	15.4	74.9	84.3	20.3	69.5	33.5
hp1666	23.1	52.7	61.2	43	57.3	43.5
hp1667	4.4	51.8	35.8	10.7	47.5	43.9
hp1669	14.4	173.5	120.8	19.2	304.9	180.9
hp1670	18.7	92.9	68.1	37.8	74.2	77.4
hp1671	41.3	157.8	181.2	105.6	122.3	159.5
hp1672	8.5	42.2	36.4	18.7	36.3	35.8
hp1673	7.5	18.8	21.8	8.8	17.9	12.8
hp1674	12.5	30.8	31	28	18.7	33.5
hp1675	7.5	36.1	44.4	18.8	31.2	40.2
hp1676	4.3	21.4	16.8	5.7	21.9	25.8
hp1677	3.8	6.1	13	5.7	8	10.1
hp1678	8.8	25.6	15	12.4	15.5	26.5
hp1679	24.1	76.4	93.1	30.8	58.2	57
hp1680	6.4	37.3	63	32.9	31.2	32.6
hp1681	26.5	67.6	84.9	59	59.3	65.6
hp1682	4.9	31.2	53	21	25.9	34.4
hp1683	4.3	18.4	26.8	8.4	18.8	27.3
hp1686	5.1	22.6	19.1	14.1	19.2	14.2
hp1687	4.4	13.3	20.4	7.5	17.4	16.2
hp1688	7.9	48.9	52.3	15.3	23.1	27.8
hp1689	3.5	48.1	67.5	19	40.3	44
hp1690	16.6	69.6	114.8	38.3	71.4	97.9
hp1691	3.6	11.3	19.1	5.4	16.8	16.6
hp1692	2.4	11.3	17.3	3.2	8.1	8.5
hp1693	2.4	14.3	19.2	7.3	11.8	16.3
hp1694	9.3	49.2	61.4	26.8	39.2	53.3
hp1698	6.5	31.1	36.2	9.6	22.7	17.6
hp1699	5.9	10.3	7	8.2	7.2	5.9
hp1700	3.1	26.4	28.7	4.9	12.3	16.3
hp1701	45.8	347.2	340.9	45.9	244.1	198.1
hp1702	21.7	90.9	103.3	72	64.7	76.4
hp1703	23.3	79.2	80.1	55.7	73.5	57.2
hp1704	6.8	18.1	20.4	10.1	19.8	19.3
hp1705	6.5	31.2	79	12.2	20.9	27.3
hp1706	13.8	78.3	92.8	15.6	40.6	71.9
hp1707	39.5	85.5	127.7	101.2	59.1	109.4
hp1709	4.7	15.7	15.7	7.9	12.3	19.9
hp1710	14.5	42.6	29.5	16.8	30.7	24.1
hp1711	43.6	166.1	173.1	66.4	101.4	111.4
hp1712	42.9	170.5	153.2	66	117.6	87.2
hp1713	4	9	12.4	7.8	8.2	10.2
hp1714	14.7	35.2	28	15.7	32.6	42.5
hp1715	5.5	21.5	30	14.4	25.7	17.1
hp1716	4.6	21.3	24.3	10	20	22.1
hp1717	2.7	10.9	19.7	8.5	13	10
hp1718	3.3	11.6	15.2	6.3	10.8	15
hp1719	6.2	164.2	158.3	41.5	103.3	126.5
hp1721	2.4	32.6	42.6	18.5	19.1	25.5
hp1722	3.3	13.5	24.8	7.9	18.3	15.2
hp1723	4.6	21.8	17.7	11.7	15.9	16.3
hp1724	2.9	11.3	15.6	6.6	11.6	11.8
hp1725	4.1	35.1	27.4	7.1	21.8	11.6
hp1726	2.8	58.7	17.4	10	39.1	20.2
hp1727	7.4	22.1	19.1	8.6	14.5	16.8
hp1728	2.2	18.6	28.4	9.3	20.7	14.6
hp1729	5.8	22.2	23.1	11.7	21.9	19.3
hp1730	2.2	39.7	73.7	19.6	32.5	32.7
hp1731	11	13.1	16.8	11.4	14.1	13
hp1732	7	9.1	6.4	7	3.8	11
hp1733	2	21.6	21.2	10.1	10.7	20
hp1734	91.5	103.1	128.9	117.9	78.4	111.9
hp1736	11.4	13.4	23.6	13.5	11.1	18.4
hp1737	10.5	27.1	27.5	12.6	19.1	22.6
hp1738	3.6	15.3	29.6	6.4	11.9	11.1
hp1739	13.2	38.7	43.5	14.8	32.5	29.7
hp1740	8.3	7.4	9.9	8	7.2	9.5
hp1741	7	26.9	32.8	10.5	19.3	17.8
hp1743	2.8	12.3	14.6	9.5	8.6	10.6
hp1744	37	102.5	116.5	69.6	107.1	87.4
hp1745	11.4	20.7	38.3	19	16.9	19.5
hp1746	11.7	54.8	49.6	24.2	51	44.4
hp1747	7.5	21.7	20.5	11.5	20.4	21.2
hp1749	71	41.7	71.2	62.3	68.4	59.5
hp1750	15.5	26.4	43.3	16.7	21.3	34.8
hp1751	4.4	11.5	11.8	7.6	7.3	7.7
hp1752	6.6	19.7	19.6	8.3	12.9	15.8
hp1753	5.2	8.4	12	6.4	7.9	8
hp1754	18.7	35.5	23.6	25.3	21.8	35.8
hp1755	15.9	141.5	131.5	58.6	93	114.6
hp1756	10.4	20.2	19	13.8	16.3	22.8
hp1757	3.7	30.2	31.4	11.7	24.3	26.1
hp1758	6.6	51.2	59.8	12.1	27.7	28.3
hp1759	6.7	14.7	15.2	13.8	9.5	15.1
hp1760	20.3	122.3	238	87.5	108.4	132.5
hp1761	6.7	106.2	94	25.5	69.7	99.1
hp1762	10.5	31	32.1	13.9	27.3	18.5
hp1763	78.4	402.4	272.8	172.6	312.5	267.7
hp1764	33.6	218.1	202.3	114.4	138.5	174.6
hp1765	9.2	97.9	33.7	17.3	83.4	46.5
hp1767	6.6	33.3	37.2	6.5	23.4	27.3
hp1768	7	31.8	39.1	22	24.4	27.8
hp1769	3.2	60.7	37.8	11.8	35.3	46.8
hp1770	13.6	61.4	68	34.7	50.6	55.1
hp1771	3.2	30	33.1	16.4	21	19.6
hp1772	15.8	25.6	49.4	32	26.5	33
hp1773	26.8	16.3	45.4	19	35.5	41.9
hp1774	19	182.9	264.5	77.8	136.4	201.2
hp1775	19.1	49.8	52.7	28.6	49.6	50.5
hp1776	20.5	50.5	69.1	34.8	48.8	61.8
hp1777	32.7	85.6	79.3	47.2	71.4	47.7
hp1778	6.5	11.6	12.8	5.4	9.4	13.8
hp1779	7.5	22.5	23.2	15.2	18.7	20
hp1780	9.8	44.9	58	20.9	42.4	51.3
hp1782	2.7	4.9	5.7	2.2	6.4	3.7
hp1783	3.8	4.7	7.2	3.5	4.9	5.9
hp1784	125.3	465.7	508.3	230.7	410.4	504.2
hp1785	10.2	22	29.1	12.7	24.3	30.6
hp1786	83.1	266.1	579.7	126.5	251.6	227.3
hp1787	12.3	34	35.6	13.9	25.1	29
hp1788	38.8	101.2	96.1	56.4	76.4	64.4
hp1789	11	70.6	79.1	37.9	49.1	61.6
hp1790	3.9	10.1	12.3	7.9	8.8	9.8
hp1791	5	90.1	28.5	6.4	37.6	21.3
hp1792	14.7	42.8	45.9	18.1	33.2	32.7
hp1793	7.6	39.7	37.1	13.5	41.5	36.1
hp1794	4.4	9.8	12.4	5.9	5.6	11.3
hp1795	2.7	13.3	14.6	8.3	9	11.8
hp1796	11.9	43.5	56	21.1	30	28.6
hp1797	2	16.5	18	6.2	11.9	16.7
hp1798	10.5	25.2	26.2	12.4	24.4	16.6
hp1799	8.7	36.3	38.6	17.9	32.7	34
hp1800	4.9	23.2	15.8	3.5	15.2	18.2
hp1801	10.9	20.6	37.4	17.4	21.4	32.5
hp1802	5.9	18.9	24.1	7.9	18	12.1
hp1803	5.3	39.4	59.3	14.7	17	24.4
hp1805	8.4	24.4	30.4	13.8	26.5	25.6
hp1806	3.2	5.5	6.4	3.6	6	6.9
hp1807	2.6	4.3	8.3	5.4	3.9	6
hp1808	12.6	13.6	31.9	17.9	17.1	23.9
hp1809	3.1	13.6	24.2	7	14	19.2
hp1810	41	46.8	111	25	111.4	132.9
hp1811	7.3	24.7	22.9	14	17.9	24.3
hp1812	9.5	17.6	32.4	12.3	17.1	18.3
hp1814	11.2	35.8	38.7	23	30	33.2
hp1815	5.8	18.3	36.9	19.2	13.1	26.3
hp1816	4.5	4.3	4.4	3.5	5.6	4.9
hp1817	10.5	34.4	62	26.9	33.2	41.4
hp1818	3.9	23.9	32.8	7.7	22.1	36.2
hp1820	6.5	65.4	58	25.5	53.7	36.6
hp1821	3.9	16.7	17.7	10.5	9.3	19.1
hp1822	17.3	33.4	41.3	19.8	39.3	41.9
hp1823	44.1	210.8	203.6	105.2	186.8	157.2
hp1824	3	9.8	10.6	4.9	7.9	12.4
hp1825	4.7	23.7	24.5	8.6	21.4	26
hp1827	2.2	32.9	79.3	12.6	26.5	48.6
hp1828	2.4	31.6	29.7	10.4	23.9	19.8
hp1829	3.2	27	29.9	10.9	19.2	24.4
hp1830	10.6	48.1	61.3	10.9	33.5	47
hp1831	3.9	9.5	14.5	4.1	12.6	16.7
hp1832	7.1	16.7	22.3	11.2	18.2	18.2
hp1833	3.5	13.9	16.5	7.6	10.7	15.9
hp1835	7.7	39.9	49.3	13.2	22.6	29.2
hp1836	22.3	96.6	147.1	63.4	81	104.4
hp1838	12	53.1	66.4	19.6	53.1	24
hp1839	55.3	82	100.5	67.2	69.5	83
hp1840	38.4	125.2	143.6	83.1	122.4	99.3
hp1841	4.8	38.8	29.3	12.6	25.9	30.8
hp1843	7	21.6	23.1	11.2	11.7	18.6
hp1844	5.1	15.9	24.5	8.4	12	12.8
hp1845	7.2	55.5	68.8	20.2	45.6	58.6
hp1846	2.1	8.3	12.3	3.2	10.5	11.4
hp1847	8.9	12.3	20.2	13.2	14	9.6
hp1848	6.3	31	27.1	8.5	25.1	15
hp1849	37.2	96.2	165.8	36	77.5	131.7
hp1850	5.7	21.6	25.3	19.4	12.2	20.4
hp1851	4.5	20.5	44.5	7.9	16.3	17.2
hp1852	14.7	31.8	50.9	31.8	33.8	30.4
hp1853	2.4	14.5	14.8	2.4	9	11.9
hp1854	5.7	10.5	9.3	5.4	10.3	8
hp1855	224.6	429.8	581.3	355.2	417.7	487.5
hp1857	9.4	25.2	34	15.3	24.4	31.3
hp1858	10.2	21.7	27.2	11.6	17.5	22.1
hp1859	3	6.1	11.3	5.7	4.3	6
hp1860	7.9	46.3	67.7	24.8	39.2	46
hp1861	4.6	35	39.3	8	23.5	17.6
hp1862	4.1	11.7	22	5.1	12.4	10.3
hp1863	7.5	35.8	36.1	8.1	28.6	24.6
hp1864	2.9	13.2	33.1	3.8	8.1	114.7
hp1865	4.4	13.2	16.8	8.6	10.1	16.4
hp1866	33.3	22.4	22.2	44.2	19.9	23.7
hp1867	6.5	9.1	12.9	7	11.4	7.8
hp1868	9.2	24	29.5	14	18.4	18.5
hp1869	9	13.2	27.7	16	10.2	15
hp1872	18.6	77.7	107.8	56.8	66.2	65.7
hp1873	3.8	19.2	17.5	3.1	15.8	14.3
hp1875	28.8	16.9	17.4	19.8	17.7	20.7
hp1876	4.4	20.4	22.6	10.7	15.9	18.7
hp1877	3.2	16.6	16.6	9.2	14.9	10.3
hp1878	24	115.6	174.9	71.8	96.9	117.3
hp1879	4.1	12	12.6	7.6	14.6	7.9
hp1880	14.3	54.7	31.7	24.3	36.1	39.7
hp1881	16.4	48.7	56.8	18.5	42.7	39.4
hp1882	83.2	226.8	257.6	118.8	211	140.7
hp1883	3	18.4	20.4	7.9	14.7	16.9
hp1884	7	25.1	28	9	20.3	17.7
hp1886	51.9	83.6	99.4	53.4	99	102
hp1887	15.7	74.8	94.9	31	43.8	50.9
hp1888	3.5	23.1	32.2	5.7	17.1	14.4
hp1889	3.8	6.6	3.3	2.7	7.8	5.4
hp1890	3	16.9	13.9	5.6	17.4	11.9
hp1891	3.9	5.3	5.1	6.8	3.8	4.8
hp1892	5.3	9.8	18.2	7.7	12	14
hp1893	147.9	327.3	422.9	195.4	246.6	321.5
hp1894	4.6	22.8	18.5	7.3	22.1	19.3
hp1895	11.8	72.8	166.4	40.1	81.6	84.8
hp1896	88.3	208.8	242.6	127.3	201.7	132
hp1897	9.2	35.4	38.4	14.2	23.1	25.6
hp1898	26	74.8	102.3	47.2	70.6	85.5
hp1899	7.6	21.4	25.1	14.3	17.7	22.2
hp1900	154	380.9	467.4	266	316.7	437.4
hp1901	18.1	29.8	37	18.8	27	32
hp1903	6.5	16.5	19.4	12.4	13.1	17
hp1904	2.5	11.3	14.2	5.4	13.1	9
hp1905	6.6	45	81.7	15.4	27.8	30.1
hp1906	14.8	1491.8	977.3	42.3	1686.4	1292.1
hp1907	8.3	38	31.8	23.5	27.9	22.7
hp1908	2.8	22.5	25.1	8.8	16.2	20.2
hp1909	14.5	21.9	32.8	16.9	26.7	28.9
hp1911	63	250.3	198.8	110.7	200.9	203.4
hp1912	11.7	19.6	10.9	14.6	10.7	13.6
hp1914	4.3	12.1	16.1	10.1	10.9	10.5
hp1915	7.3	16	15.5	8.4	16.4	17.1
hp1917	13.6	44.5	41.1	19.9	43.5	40.7
hp1918	156.9	558.4	468.2	255.7	490.5	461.3
hp1919	3.8	25.7	49.5	8.2	17.4	18.1
hp1920	24	205.3	85.3	81.1	95	90
hp1921	10.7	19.2	30.3	13.1	28.8	22.1
hp1922	6.1	4.9	10.5	7.8	8	4
hp1923	11.8	32.8	38.4	14.6	32	23
hp1925	8.4	34.7	51.6	25.3	31.7	29.3
hp1926	7.5	18.4	24.7	13.2	16.9	20.6
hp1927	3.6	11.4	5.6	4.8	6.4	5.7
hp1928	22.1	31.6	36.7	26	31.2	27.8
hp1930	10.5	36.4	62	22.6	38.4	42.1
hp1931	7.3	27.3	17.5	12.1	27	15
hp1932	9	27	35.5	10.2	23.5	24.7
hp1933	21.6	71.3	109.5	44.6	77.7	72.2
hp1934	11.9	212.4	286	63.4	148.8	172.8
hp1935	2.6	6.3	9.5	4.4	5.2	9.5
hp1936	7.7	29.9	38	13.1	23.2	19.4
hp1937	3.1	9.7	11.3	5.4	7.9	5.8
hp1938	27.1	52.3	55.3	21	51.9	54.3
hp1939	7.3	18.4	26.6	17.1	14	20.2
hp1940	5.4	12.2	15.1	5.7	13.4	9.6
hp1941	20.3	75.6	217.9	55.3	52.4	67.6
hp1942	3.6	15.4	19.4	7.9	10.4	8.6
hp1943	11.3	26.4	21.7	13.8	25.4	23.2
hp1944	5	25	21.4	9	12.8	15.6
hp1945	13.7	28.5	29.5	14.2	24	26.7
hp1946	7.2	13.3	14.1	5.7	13.5	13.5
hp1947	36.3	121.9	133.3	48.9	96.8	88.4
hp1949	7.9	16.7	27.4	13.4	22.4	16.1
hp1950	6.1	20.3	25	11.2	21.5	18.4
hp1951	2.9	14.1	33	4.9	10	15.5
hp1952	2.7	4.3	7.8	3	6	6.7
hp1953	91.8	2321.8	2371.1	158.6	2340.6	3830.3
hp1954	4.8	12.4	8.3	3.6	10.6	9.6
hp1955	1.9	8.1	14	5.3	4.8	5.5
hp1957	3.9	23.3	24.3	13.3	21.3	12.2
hp1958	2.9	20.9	66	3.5	24	21.8
hp1960	3.2	7.3	12	6.6	8.1	7.1
hp1961	18.2	65.7	61.5	36.7	55.3	49.8
hp1962	10.2	32	60.7	28.9	29	34.8
hp1963	10.7	50.1	112.6	38.5	25	37.4
hp1964	13.8	65.5	68.9	32.2	49.8	57.9
hp1965	5.6	40.6	36.8	18.5	24.7	29.7
hp1966	9.2	35.9	46	27.3	24	33.7
hp1967	5.1	39.7	52.6	22.6	27.9	29.2
hp1968	9.1	42.6	73.7	33	31.6	43.4
hp1969	15	34.1	41.7	26.5	33.8	30.1
hp1970	3.9	13.2	12	4.9	9.1	9.9
hp1972	6	78.5	91.4	28.1	65.1	45.3
hp1973	2.3	5	6.4	3.9	4.8	4.8
hp1974	17.4	36	51.7	22.2	30.3	37.6
hp1975	4.8	13.8	23.2	7.2	15.7	20
hp1976	55.9	126.6	138.2	83.1	117.6	80.3
hp1977	6.2	17.2	27.1	10.3	11.9	17.1
hp1978	74.3	279.4	335.5	104.8	279.3	162.5
hp1979	13.9	35.2	43.8	23.7	22.2	31.3
hp1980	8.5	26.2	15.5	11.3	20.2	19.6
hp1981	2	13	12.3	5	8.2	5.1
hp1982	2.7	13	13.9	5.4	11.8	11.4
hp1984	38.1	160	187.2	73.9	136.2	166.9
hp1985	2.8	43.5	37.8	11.7	31.1	24.6
hp1986	18.9	364.1	284.8	62.7	170.6	91.9
hp1987	13.1	74.5	78.3	34.8	67.8	49.6
hp1988	5.9	22.1	14.7	14.5	17.2	10.2
hp1989	2.7	15.6	19.5	5.5	12.5	19.2
hp1990	4.6	9.7	12.1	7.3	8.7	10.4
hp1991	13.2	54.8	63.3	14.1	47.5	44.8
hp1992	4.8	23.2	22.5	5.2	18	17.4
hp1993	2.4	16.9	21.4	3.3	12.4	12
hp1994	11.1	51.5	66.4	23.2	54.8	45.2
hp1995	6.5	31.3	26.9	13.2	17.5	16.8
hp1996	10	23.2	28.4	8.7	20.8	26.9
hp1997	10.3	38.7	36.7	21.8	31.3	29
hp1998	24.5	150.7	169	66.3	99.8	148.1
hp1999	5	47.4	67.8	15.2	40.9	46.7
hp2000	7.9	18.7	39.3	16.7	20.5	23.5
hp2001	2.7	63.5	76.8	8.2	66.1	55.9
hp2002	82.6	52.3	61.4	60.3	61.3	79.7
hp2003	41.6	242.2	206.2	109.9	164.4	170.5
hp2005	6.7	37.2	28.1	12	31.7	27.6
hp2007	59.9	43.7	48.6	39.7	58.4	61
hp2008	4.8	12.5	19.6	10.4	12.6	11.9
hp2009	18.5	56.6	69.7	29	47	40.1
hp2010	17.8	20.3	13.6	17.1	19.8	15.8
hp2011	24.1	123.6	420.5	89	89.7	90
hp2012	6.1	31.1	33	12.7	23.5	31.3
hp2013	16.9	51.2	50	26.2	43	50
hp2014	4.1	3.8	8.2	3.7	6.1	4.8
hp2015	4.3	13.7	15.9	5.7	11.5	10.6
hp2016	16.2	140.3	154.9	32.4	118	54.3
hp2017	237.4	747.8	766.3	351.3	701.9	734.8
hp2019	10.4	37.8	42.9	21	34.1	32.1
hp2020	24.1	266	341.9	77.4	225.3	226
hp2021	5.5	45.2	53.1	8.1	32.5	29.2
hp2022	7.8	19	22.5	8.5	22.2	13.6
hp2023	100.4	323.4	442.8	218.3	250.9	356.1
hp2026	4.2	11.5	13.7	5.7	12.2	12.6
hp2027	28.9	67.8	69	37.4	57.2	51.8
hp2028	7.6	25.4	31.4	23.8	17.9	19.1
hp2029	13.3	17.4	23.4	13.2	18.6	25.9
hp2030	11.5	37.8	61.4	23.1	37.8	42.6
hp2031	4.3	19.3	21.9	10.4	14.3	17.1
hp2032	2.7	7.9	9.1	3	5.5	8.6
hp2033	16.9	42	58.5	26.5	34.9	35.2
hp2034	68.7	181.2	199	74.3	138.2	185.9
hp2035	5.1	24.8	26.9	13.8	21.8	16.1
hp2036	10.8	31.6	36.8	12.4	37.8	19.6
hp2037	19.7	73	88.5	31.6	49.1	60.1
hp2039	3	23.5	43.4	14.2	16.8	21.2
hp2040	6.7	48.4	80.8	11.5	43.5	31.3
hp2041	12.8	76.2	83.5	32.6	68.4	54.4
hp2043	5.8	22	27.4	16.5	13.5	21.4
hp2044	7.8	32.9	40.4	17.1	26.4	32.2
hp2045	3.2	9.4	10.1	4	10	9.9
hp2046	39.8	15.4	16.1	18.5	17.6	24.7
hp2047	65.3	182.6	223.3	117.2	160.5	111.1
hp2048	7.3	21.4	42.3	11	17	25.2
hp2049	20.3	78.9	64.5	20.5	63.5	57.2
hp2050	4.6	2.3	3.3	2.6	3.6	4.3
hp2051	5.7	27.3	21.8	10.9	21	20.2
hp2052	22.3	99.8	117.8	55.2	81.3	81.6
hp2053	4.9	17.4	19.6	4.6	16.2	16
hp2054	47.3	139.9	148.2	77.5	127.1	126.8
hp2055	8.1	58.4	79.5	27.8	45.7	46.4
hp2056	13.9	42.5	53.1	40.1	32.5	31.2
hp2059	18	76.3	84	65.7	53.3	44.9
hp2060	90.5	237.9	268.1	155.8	221.2	207.8
hp2061	20.9	53.8	56.6	29.3	49.4	35.5
hp2062	2.3	8.4	6	3.6	4.6	5.4
hp2063	5.6	84	77.9	20.8	53.6	57.5
hp2064	5.6	27	25.4	15.4	16.5	20.7
hp2065	12.9	27.1	35.5	19.1	25	31.5
hp2066	7.4	23.3	37.8	20.9	24.8	16.9
hp2067	5.7	28.9	28.9	14.4	18.6	24.7
hp2068	7.1	39	58.4	13.9	34.6	51.2
hp2069	5.4	9.9	9.5	6.6	11.2	7.9
hp2070	3.1	5.7	10.5	5.5	5.2	8.1
hp2071	11.9	49.2	71.9	31.3	39	47.9
hp2072	3.3	28.1	46.5	11.2	21.5	29.6
hp2073	3.4	27.7	32.8	10.3	20.9	22.4
hp2075	44.2	208.8	271.5	124.1	176.2	160.3
hp2076	3.3	12.5	13	6.5	9.4	11.8
hp2077	2.6	10.7	22.9	3.9	10.4	10.3
hp2079	70.1	73.2	124.7	105.9	59.4	88.6
hp2080	4.3	3.8	8.6	6.2	2.6	7
hp2081	6.7	120.2	96.3	21.2	75.9	85.4
hp2082	4.4	35.2	52	13.9	27.7	32.7
hp2083	8.7	12.2	13.5	9.7	10.5	15.7
hp2084	8.3	20.9	31.3	16.3	22.3	18.8
hp2085	15.3	127	72.7	23.2	97.2	96.3
hp2086	15.3	404.3	196.6	31	111	189.6
hp2087	2.7	4.8	5.3	6.4	3.4	2.6
hp2088	16.2	44.5	63.4	22.9	37.9	41.2
hp2089	4.1	25.1	22.4	15.6	18	11.5
hp2091	5.6	38.7	58	18.3	37	28.3
hp2092	4.3	28.4	18.8	9.6	18.6	18.1
hp2093	5.8	83.6	97.8	8.4	52.9	59
hp2094	14.8	43.5	42.2	23.4	42.6	33.9
hp2095	6.6	44	64.6	14.5	28.3	30.4
hp2096	2.5	27.4	55	8.3	20.4	39.5
hp2097	8.1	23.5	22.1	24	17.2	12.6
hp2098	12.8	18	43.4	22.3	23.4	15.5
hp2099	3.8	7.9	9.9	6.7	7	7.4
hp2100	4.5	13.1	11.8	3.8	11.6	12
hp2101	34.1	69.5	134.4	85.7	58.7	79.3
hp2102	4.8	15.3	20.1	10.2	13.2	14.1
hp2103	4.4	10.3	13.3	10.7	9.4	7.3
hp2104	3.2	14.5	18.4	6.1	15.4	12.7
hp2105	8.6	40.8	38.3	11.2	31.1	28.3
hp2106	2.9	9.1	11.4	4.4	7.7	11.8
hp2107	5.2	15.2	11.9	8.1	7.9	12.1
hp2108	9	41.9	84.3	27.1	35.4	47.5
hp2109	5.1	23.7	26.6	6.8	19	18.2
hp2110	3.5	18.3	30	9.8	13	21.9
hp2111	3.8	10.4	10.9	5.6	8.3	11.3
hp2112	6.2	12.6	22.8	8.2	17.3	15.8
hp2113	4.8	28.7	32.1	8.9	21.9	16.1
hp2114	129.2	246	298.6	165.4	231.8	288.3
hp2116	18.3	125.8	135.8	40.8	107	103.7
hp2119	14.8	29.9	44.3	39	24.5	24.5
hp2121	6	19.6	25.6	11.3	13.3	15.9
hp2122	12.2	54.3	48.3	39.4	32.1	32.5
hp2123	5.2	15.7	17.1	6.6	11.7	14.4
hp2124	20.1	93	105.7	21.6	82	79.9
hp2125	3.1	4	7.9	3.1	5.4	7.2
hp2126	14.6	20.9	24.2	23.1	16.6	17.7
hp2127	7.9	24	30.7	12.5	17.3	21.3
hp2129	6.6	13.6	16.5	6.6	13.5	13.8
hp2130	4.1	27.7	24.5	6.3	21.7	14.3
hp2131	4.5	27.8	26.2	10.8	25	16.8
hp2132	11.7	30.2	44.1	24.5	27.3	28.3
hp2133	8.2	34.9	77.3	15	32.2	32.3
hp2134	25.4	34.4	43	33.2	30.9	39.8
hp2135	4.7	11.5	13.5	5.8	11.7	13.1
hp2136	8.4	111	169	31.5	90.7	89.7
hp2137	4.9	11.5	19.6	6.2	12.9	11.2
hp2138	38.1	140.7	130.8	60.3	104.9	88.9
hp2139	3.4	20.4	18.3	7.5	13	17.7
hp2140	38.2	221	192.5	81.3	154.3	173.8
hp2141	15.6	33.8	52.6	29	29.3	39
hp2142	9.1	35.3	86.3	25.4	32.2	47.4
hp2143	1.9	14.8	36.5	5.5	10.8	11
hp2144	7.9	652	702.7	25.5	617.8	531.1
hp2145	2.1	6.7	6.7	3	5	8.1
hp2146	15	41.3	51.3	21.1	37.8	32.7
hp2150	5.4	12	16.6	9.7	15.2	8.7
hp2151	8.5	45.3	41.9	16.5	32.1	23.2
hp2152	14.6	22.7	27	17.2	24.4	23.5
hp2153	5.6	16.2	18.5	10.2	12.4	11
hp2154	15.1	75	58.5	14.7	62.5	53.3
hp2155	3.7	15.9	49.6	10.6	12.8	15.1
hp2157	3.5	10.2	15.1	5.4	7.2	11.2
hp2158	8.2	30.7	23.3	12.7	25.9	22
hp2159	2.1	24.5	23.2	6.3	13	22.2
hp2160	11.4	36.4	40.6	25	27.8	29.2
hp2161	9.5	13.2	20.5	9.4	17.6	17.7
hp2162	6	39	45.5	22.1	23.4	27.9
hp2163	5.9	40.9	34	6.9	31.9	26.3
hp2164	44.4	260.9	411.3	74.3	368.9	250.6
hp2165	3.9	15.7	20.7	8.1	11.6	17.3
hp2166	8.5	37.6	46.2	15.8	28.7	25.1
hp2167	8.5	47.7	41.4	13.1	44	39
hp2168	2.9	2.8	7.9	4	4.6	4
hp2169	4.8	31.5	27.2	9.1	19.9	17
hp2171	39.8	110.5	120.2	128.3	60.6	81.4
hp2172	11.1	16.9	16.8	11.5	15.4	16.5
hp2173	9.5	29.3	43.1	18.9	23.5	22.1
hp2174	5.2	20.8	15.8	8.6	13.1	18.7
hp2175	20.6	82.9	66.9	34.6	58.2	46.4
hp2176	5.8	17.7	18.4	8.9	14	18.3
hp2177	83.8	333.3	420.5	128.2	321	223.3
hp2178	5.4	9.6	16.3	8.3	12.4	9.4
hp2179	3.1	12.8	37.5	31.3	6.2	11.1
hp2180	7.5	16.7	17.2	12.6	11.9	16.3
hp2181	6.8	21	14.6	9.3	18.8	14
hp2182	3.4	22.5	28.5	8.9	19	17.6
hp2183	15.2	42.9	47.2	25.8	34.5	40.9
hp2184	6.8	28.1	43.6	12.5	20	25.5
hp2185	8.3	73.7	74.6	14.9	51.5	42.2
hp2186	20.1	96.4	170	85.5	61.4	83
hp2187	16.3	56.2	84.8	45.4	50.3	42.3
hp2188	6	10.3	6.7	5.7	8.1	8.3
hp2189	8.3	16.2	17.6	8.7	17.6	17.6
hp2191	2.6	5.7	8.9	3	5.5	6.7
hp2192	3.9	17	17.9	8.1	8.9	13.1
hp2193	28.2	37.7	37.1	37	28.6	35.4
hp2194	9.7	675	1446.6	13	685.2	472.6
hp2195	5.4	10	11	7	8.5	9
hp2196	9	45.9	44.6	24.8	25.4	36.9
hp2197	6.6	44.4	54.8	15.5	39.7	35.5
hp2198	4.2	5.5	7.8	4.3	6.7	5.8
hp2199	156.2	454.4	455.2	185.4	477.7	438.7
hp2200	5.3	23.3	24.8	10.1	21.3	17.7
hp2201	26	120.2	129.5	54.1	97.2	96.5
hp2202	10.1	26.8	41.4	19.2	24.8	28.1
hp2203	12.8	20.2	29.6	19.5	17.6	24.8
hp2204	10.1	16.9	19	12	14.9	20
hp2205	7.7	9	15	10.9	9.6	10.9
hp2206	8.1	21.1	25.7	15.5	15.2	21.8
hp2207	4.7	15.2	13.8	6.9	12.3	9.9
hp2208	3.3	13.1	14.8	4.2	9	13.7
hp2209	12.9	32.4	35.3	18.9	29	23.4
hp2210	7.3	17.6	52.5	11.3	16.1	29
hp2211	7.4	50.7	48.5	18	34.5	38.2
hp2212	5.3	9.9	15.2	11.4	8	9.9
hp2213	10.9	57.3	105.9	30.5	51	56
hp2215	3.2	10.1	16.9	4.6	11.6	8.3
hp2216	60.8	73.6	110.7	89.7	65.2	78.6
hp2217	14.8	65.9	71.4	31.4	48.3	56.8
hp2218	18.5	39.4	49.5	36.6	25.1	44.7
hp2219	2.7	11.1	10.4	7.2	7.7	4.6
hp2220	8.4	26.9	23.2	12	21.4	23.9
hp2221	2.8	20.2	16.1	5.6	14.7	14.3
hp2222	3.4	9	8.8	2.6	9.1	9.3
hp2223	89.5	315.2	358.2	171.4	229.1	307.5
hp2224	7.8	46.4	90.8	27.1	37.7	42.4
hp2226	5.5	21	49.2	21.6	13.3	15.3
hp2227	3.3	16.2	18.5	3.2	23.4	18
hp2228	2.9	6.9	11.4	2.5	8.5	13.3
hp2229	10.6	25.9	29	11.7	19.6	30.2
hp2230	3.5	28.1	34.2	5.2	21	22.7
hp2231	11	18.8	36.9	16.7	19.2	20.9
hp2232	11.1	34.9	43.6	20.2	21.8	32.7
hp2233	2.6	8.9	13.5	2.9	8.1	10.7
hp2235	6.8	48.2	54	18.4	33.2	37.1
hp2236	2.7	12.4	15.6	5.3	11.6	10.5
hp2237	6.5	54.5	50.6	12.5	41.7	45.7
hp2238	7.8	49.3	60	14.2	34.3	37.1
hp2239	3.3	13.2	15.7	3.7	12.9	11.6
hp2240	3.4	13.9	15.9	8.5	7.4	10
hp2241	5.6	27.5	34	16.3	26	15.2
hp2242	2.4	11.5	11	4.7	8.8	8.8
hp2243	9.6	58.9	83.6	22	44.6	62.2
hp2245	30.4	155.8	158.3	68.7	115.4	115.4
hp2246	2.1	19.1	24.5	2.3	18.3	16.8
hp2247	3.5	25.5	65.1	16.1	15.6	17.1
hp2248	15	117.7	91.3	29.6	78	89.5
hp2249	70.4	501.4	520.5	155.1	467	325
hp2250	3.1	120	293.9	25.1	87.9	80.6
hp2251	8.7	23	31	9.6	27.3	28.2
hp2252	41.5	82.2	112.7	55.2	75.4	83.1
hp2253	11.4	44.1	81.6	33.4	35.3	42.6
hp2255	4.7	32	32.4	10.8	16.8	21.4
hp2256	6.3	26.4	32.8	12.8	21.5	24
hp2257	26.4	167.7	212.6	74.6	113.7	139.6
hp2259	6.5	12	12.3	9.1	11.1	10.1
hp2260	9.6	19.5	20.7	9.5	19.1	19.1
hp2261	2.6	63.7	141.5	14.9	47.4	50.6
hp2262	2.5	13.9	16	4.5	13.5	11.4
hp2263	6	53.1	51.1	13.4	40.3	38.8
hp2264	6.8	23.3	42.2	13.7	28.1	20.8
hp2265	12.8	56.7	61.5	28.9	49.8	36.8
hp2266	13.5	44.5	44.2	18.2	45.1	37.7
hp2267	15.3	207.8	175.6	50	170.2	87.2
hp2268	4.4	12.9	10.2	6.6	7.4	10.5
hp2269	3.1	5.3	7.6	3.3	5.8	7.3
hp2270	5.2	26	45.5	12.6	21.4	28.6
hp2271	12.7	73.2	58.1	14.6	46.2	64.6
hp2272	6.4	45.1	56.9	11.6	26	42.8
hp2273	13.8	46.7	40.5	22.5	38.7	34.1
hp2274	3.5	25.1	19.4	10.1	19.1	10.9
hp2275	7	25.3	26.7	12.4	18.8	17.5
hp2276	7	20.8	28.8	16.9	16.9	16.7
hp2279	22.7	53.3	75.5	40.7	54.8	45.8
hp2280	24.5	48.8	68.9	37.6	44.1	54.6
hp2281	15.3	55.8	72.3	20.7	56	45.3
hp2282	20.3	41	36	23.5	37	32.2
hp2283	4	14.6	18	7.9	12.1	9.5
hp2284	48.7	320	445.6	84.4	380.7	270.3
hp2285	2	14.2	15.6	3.3	9.5	11.8
hp2286	2.2	3.2	11.8	2.4	7	5.8
hp2287	5.3	32.1	34.7	10.5	26.9	25.4
hp2289	20.9	102.3	108	48.8	81	49.8
hp2290	12.7	32.9	44.9	25.3	25.6	26
hp2291	4.2	9.7	13.4	7.4	10.7	7.5
hp2293	30	82	154.2	36.8	98.3	90.4
hp2294	13.5	57.2	70.2	22.3	45.9	45.6
hp2295	26.3	219.8	178.1	43.7	141.9	135.8
hp2296	141.4	549.8	451	150.5	445.8	609.4
hp2297	7.1	23.6	29.7	13.3	21.1	20
hp2298	38.7	102.3	214.1	110.2	73.2	91.9
hp2299	3	30.5	23.1	6.5	22.4	17.7
hp2300	2.4	12.2	24.6	4.1	10.9	13.3
hp2301	4.9	19.6	12.4	6.3	14.9	11.4
hp2302	16.9	28.5	48.6	19.7	32.3	33.6
hp2304	10.6	42.2	41	20.7	34.3	22.8
hp2305	8.2	14.3	16.5	6.1	13.7	20.7
hp2306	70.9	115.5	194.2	101.8	135.2	125
hp2307	5.4	18.5	18.5	8.5	14.9	13
hp2308	11	33.2	37.7	19.7	21.8	28.8
hp2309	16	41.2	56.8	29.6	32.8	42.7
hp2310	55.6	195.1	194.4	105.4	145.4	123.3
hp2311	33.3	179.3	269.3	90.2	101.5	148.6
hp2312	4.1	18.3	19.2	10.7	11.1	13.8
hp2313	5.4	17	12.2	11.5	10.5	8.4
hp2314	9.8	22	39	16.9	16	27.8
hp2315	12.5	59.5	69.5	24.4	48.6	50.4
hp2316	5.6	21.3	29.1	14.6	13.3	20.1
hp2317	10.5	39.1	53	23.4	27.9	29.5
hp2318	79.8	206	231.7	129.8	188.1	143.7
hp2319	12.1	38.4	70.9	33.3	24.1	36.1
hp2321	2.4	22.1	32.7	8.4	17.2	14.9
hp2322	13.5	29.6	38.7	21.9	25.6	29.9
hp2323	2.8	74	105.2	14.5	46.5	42.8
hp2324	12.8	87.6	135.4	20.2	95.4	65
hp2325	24.2	170.9	166.5	56.2	119.3	120.1
hp2326	2.5	16.9	18	4.7	14.1	9.6
hp2327	4	164.4	440.2	10.6	167.8	113.7
hp2328	4.1	7.3	6.6	4.9	4.6	9.5
hp2329	12.1	625	1352.3	68.7	501.5	424
hp2330	120.5	325.3	396.7	126	397.2	347
hp2331	2.5	28.1	38.3	7.7	19.7	22.2
hp2332	24.9	74.4	68	43.4	62.4	50.4
hp2334	13.7	67.9	86.6	28.3	53.3	46.8
hp2335	46	132.5	148	74.7	125.3	88.5
hp2336	10.7	14.5	17.7	9.9	15	19.5
hp2337	5.8	70.5	73.3	8	44.6	67.9
hp2338	24.6	110.2	96	37.4	71.4	109.5
hp2339	8	22.2	30.6	13.8	17	25.4
hp2340	9.6	29.5	38.6	16.7	26	27.8
hp2341	3.9	28.6	30	9.6	18.8	21.8
hp2342	4.4	31.3	30.2	10.8	21.6	20.4
hp2343	103.4	283.6	291.1	162.8	253.5	191.8
hp2344	3.8	8	9.4	4.9	6.6	8.2
hp2345	12.5	47.9	58.6	19.3	46.3	35.1
hp2346	16.5	126.3	147.7	38.1	88.8	78.4
hp2347	7.4	429.5	1106.9	18.4	436.6	636.7
hp2348	6.2	38	41	11.5	24.5	30
hp2349	2.7	8.7	11.9	3.1	7.9	10.3
hp2350	39.7	153	137.2	75.3	141.9	85.5
hp2351	3.8	8.7	11.2	3.8	11.1	8
hp2352	5.6	21.9	27.7	9.7	20.4	19
hp2353	13.1	37.4	74.2	24.6	32.7	40.8
hp2354	31.8	180.7	213.7	83.6	151.6	109.4
hp2355	23.1	104.5	142.6	48.2	87.7	91.2
hp2356	2.6	5.7	10.7	6.4	5	5.4
hp2357	8.6	16.4	41.7	27.7	10.7	18
hp2358	13.2	44.8	55.8	21	31.9	54.3
hp2359	4.7	16.5	24.6	8.4	16	15.7
hp2360	11.7	52.2	61.5	26.2	36.6	35.5
hp2361	8.3	19.9	52.8	13.3	25.5	23.2
hp2362	24.5	136.9	161.4	46.8	109.3	94.3
hp2363	12.7	77.4	69.9	27.1	65	43.7
hp2364	39.6	115	151	57.8	118.3	109
hp2365	5.4	19.4	21.8	14.1	11.4	15.5
hp2367	3	28.3	29	10.6	21.9	12
hp2368	20.6	85.2	62.8	34.8	54.8	62.7
hp2369	5.6	14.7	19.5	10	12.9	13.3
hp2370	9.4	38.5	45.5	16	34	33.3
hp2372	19	52.6	61.6	27.3	49.5	42.5
hp2373	10.7	39.2	46.2	20.6	33.5	30.6
hp2374	6.7	19.4	14.4	7.5	14.1	16.5
hp2375	57.1	82.8	132.8	77.6	83.5	101
hp2376	3.8	28.9	30.9	5.6	22.8	23.4
hp2377	7.8	78.2	91.6	18.3	50.9	52
hp2378	7.1	29.6	28.8	14.3	22.8	20
hp2379	30.6	110.9	208.8	69.9	88	126.9
hp2380	3	20.2	16.7	3.5	15.2	16.8
hp2381	4.8	10.6	12.5	5.1	11.7	11.5
hp2382	5.4	10.1	15.4	9.7	7.3	12.4
hp2383	10.2	27.1	33.4	18	23.8	22.9
hp2384	8.3	7.7	13.4	8.4	9.8	10
hp2385	17.2	56.3	66.2	32.3	53.7	34.5
hp2386	5.9	8.9	9.2	6.7	6.3	12
hp2387	6.3	25.7	35.3	7.5	21.7	31.8
hp2388	6.4	20.6	20.7	9.4	15.4	20.4
hp2390	27.1	74.7	108.2	43.1	73.4	73.9
hp2391	13.8	34	31	18.3	28.4	26.7
hp2392	65.7	196.9	227.7	122.8	158.9	142.5
hp2393	16	37	51.5	23.3	33.4	37.3
hp2394	4.7	23.3	22.7	10	18.8	12.2
hp2395	2.8	13.7	11.7	5.6	9	8.1
hp2396	3.4	17.6	36.7	5.6	16.6	21.2
hp2397	4.2	6.7	4.2	3.7	7.5	4.3
hp2398	30.1	117.9	125.3	55	114.1	66.1
hp2400	9.7	24.8	28.8	13.3	20.2	24.5
hp2401	2.8	20	29.5	5.1	18.9	18.9
hp2402	2.7	15.7	20	4.5	14.6	11.8
hp2403	15.9	104.8	164.9	42.3	76.9	77.1
hp2404	12.3	42.5	41.2	24.6	38	24.2
hp2405	6.2	23.4	15.1	7.1	21.6	13.5
hp2406	72.7	98.6	126.6	88	103.8	101.4
hp2407	19.9	86.3	89.6	36.4	60.7	65.5
hp2408	5.3	13.8	18.5	8.1	12	13.2
hp2409	14.7	12.2	11.5	10.4	12.8	15.3
hp2410	15.5	41.8	42.9	25.6	42.3	24.5
hp2411	3.4	25.6	20.3	6.6	16.9	14.7
hp2412	2.6	18.9	22.6	5.1	14.8	13.4
hp2413	2.8	24.2	35.2	7	15.8	23.4
hp2414	5.9	14.3	18.3	7.7	13.2	16
hp2415	4.2	7.5	7.1	5.8	5.6	6.6
hp2416	34.9	36.1	33.4	33.9	30.9	40.5
hp2417	4.2	27.2	19.2	4.5	21	21.2
hp2418	18.7	76.2	105.7	37.3	58.9	65
hp2419	15.7	54.4	67.8	31.5	42.7	41.1
hp2420	15	79.5	93.3	34.8	66.5	51
hp2421	45.2	163.8	173.3	85.3	153.2	102.9
hp2424	3.4	14.8	18.7	10.7	9.8	8.6
hp2425	3.3	6.9	11.1	5.6	6.1	7.7
hp2426	3.2	7.7	10.2	5.3	5.6	8.6
hp2427	35.6	85.9	97.7	49.7	92.7	63
hp2428	4.1	8.2	7.6	4	8.9	6.9
hp2430	10.2	58.3	70.4	13	62.5	48.3
hp2431	4.2	49.7	37.1	10.4	26.2	26.4
hp2432	5.3	62.1	84.9	12.7	44.2	46.3
hp2433	39.2	169.4	163.6	75.7	103.3	133.3
hp2434	3.1	12.6	11.9	5.4	9.8	9.2
hp2435	2.4	19.6	22.3	6.1	14.8	12.7
hp2437	9.2	42.9	31.2	13.9	26.2	35
hp2438	2.9	11.9	13.7	3.3	11.6	11.8
hp2439	21.9	45.9	25	16.9	45.9	31.6
hp2440	9.4	24	31.2	12.8	20.3	27.9
hp2441	42.3	128.5	128.8	65.1	96.2	114.9
hp2442	4.1	7.8	10.2	4.4	7.3	9.9
hp2443	6.2	24	18.9	11.9	14.3	17.1
hp2444	8.1	17.4	13.7	6.8	20.6	13.4
hp2445	2.6	6.6	11.1	4.1	7.8	6
hp2446	3.5	32.8	42.2	9.5	22.3	22.1
hp2447	19.9	35.5	43.9	27.2	34.2	32.8
hp2448	3.6	15	16.5	4.5	12.4	15.3
hp2449	4.8	10	12.5	6.6	10.6	8.8
hp2450	6.2	58.5	62.1	12.7	43.4	39.1
hp2451	4.4	9.6	13	7.8	8.9	7.8
hp2452	5.5	11.2	11.2	5.2	10.4	12.9
hp2453	10.1	18.7	29.1	12.2	17.4	25.4
hp2454	18.7	127.1	144.7	41.9	92.4	86.1
hp2455	4.7	13.2	15.8	5.4	11.8	15.1
hp2456	2.6	43.1	41.9	11.7	23.8	17.5
hp2457	4.5	11.3	12.6	5.6	11.2	10.3
hp2458	149.2	629.9	665.5	303.2	481.3	420.7
hp2459	6	32	54	14.3	22.3	31.5
hp2460	10.7	14.4	13	7.5	14.2	18.8
hp2461	3.5	27.6	31.3	6.8	20	22.9
hp2462	2.4	19.4	34.6	7.1	12	19.2
hp2465	8.6	33.5	41	13.8	28.4	29.8
hp2466	42.2	62.9	183.6	71.1	70.6	95.9
hp2469	4.7	11.8	22.3	10.6	13.5	8.6
hp2471	7	10.5	14.3	5.8	9.8	18.6
hp2473	5.1	30.4	31.2	11.1	18.5	23.2
hp2474	8	23.5	34.5	14	21.1	22
hp2475	2.4	12.8	24.8	6	9.4	13.8
hp2476	4.8	23.9	28.9	12.6	14.5	18.2
hp2477	8.2	121.2	221.8	16.9	102.3	127.2
hp2478	10.5	56	118.7	56.9	27.9	43.8
hp2479	9.5	33.8	55.6	23.2	21.2	36.4
hp2480	4.6	14.9	20.5	15	18.7	5
hp2481	12.6	47	68.9	24.7	37	44.6
hp2482	3.7	38.8	56	11.7	24.5	28.2