"R17_vs_GFP_Difference"	"R17_vs_GFP_Difference"	"Paired_Ttest_uncorrected_P"	"Paired_Ttest_Corrected_P"	"Pass_Selection_0_No_1_Yes"
"mp39"	1.57564251177373	1.57564251177373	0.000805946020868471	0.00802891855498754	1
"mp58"	1.68974175915304	1.68974175915304	4.440384624912e-06	0.00117556232173342	1
"mp64"	1.7795357653034	1.7795357653034	0.000562299101033407	0.00648856622094757	1
"mp101"	1.50495007034677	1.50495007034677	0.000146063046250704	0.00330032233762863	1
"mp104"	1.70898322153943	1.70898322153943	0.0018289174140858	0.0126354435317508	1
"mp109"	1.59664782878199	1.59664782878199	2.40075817432487e-05	0.00162786446462647	1
"mp113"	-1.52312242988419	1.52312242988419	0.00067792824220985	0.00732149514455562	1
"mp124"	2.08812007649596	2.08812007649596	3.59008806703761e-05	0.00187208057577935	1
"mp133"	1.7425631027126	1.7425631027126	0.000731252139987046	0.00760445010329191	1
"mp158"	-1.5105502523401	1.5105502523401	0.00661871708148935	0.0283749182866131	1
"mp190"	-1.58912508460065	1.58912508460065	0.000146845966592343	0.00330746597934246	1
"mp199"	1.55330979201929	1.55330979201929	0.00158435328811352	0.0116205900456308	1
"mp241"	3.30516823016552	3.30516823016552	1.02100446022634e-05	0.00126078766231102	1
"mp266"	1.52326601307707	1.52326601307707	0.00205514067551402	0.0135453019523232	1
"mp281"	1.92330731892132	1.92330731892132	2.81553635564767e-05	0.00168857300052806	1
"mp284"	1.63776361966275	1.63776361966275	0.000558097560538691	0.00648664703391115	1
"mp320"	1.5903695449214	1.5903695449214	0.00137003863751321	0.0106239240976351	1
"mp362"	-1.97649902152251	1.97649902152251	0.00124350318602148	0.0100008018722277	1
"mp389"	1.61099622542245	1.61099622542245	0.0032254219541007	0.017568421513278	1
"mp401"	1.54667907152943	1.54667907152943	0.000251626595966195	0.0041538651091052	1
"mp410"	2.48187067572306	2.48187067572306	6.23067605607234e-06	0.00117556232173342	1
"mp455"	1.58802224897261	1.58802224897261	0.00062289356524564	0.00694940263935103	1
"mp459"	-1.58303611226074	1.58303611226074	0.00770245997790784	0.031306862383169	1
"mp488"	-1.55511326078546	1.55511326078546	0.00124355868956658	0.0100008018722277	1
"mp506"	-1.617101053506	1.617101053506	3.31816580145054e-05	0.00183146042772356	1
"mp508"	-1.73098992255905	1.73098992255905	0.000455135052469412	0.00581871726819319	1
"mp557"	1.75149142279233	1.75149142279233	0.000103226233583796	0.00279106902555707	1
"mp580"	-1.58299720750316	1.58299720750316	0.00375058222353202	0.0194874721522228	1
"mp584"	1.97685648738486	1.97685648738486	8.82639010081508e-05	0.00263273937530926	1
"mp587"	1.6097076056057	1.6097076056057	1.7791575832757e-05	0.00148506835242736	1
"mp609"	-1.5421535801087	1.5421535801087	0.00106062005777603	0.00915657821701738	1
"mp621"	-2.82808131614544	2.82808131614544	2.03124660627858e-05	0.00151386861106181	1
"mp638"	1.84499023140495	1.84499023140495	5.26923996707529e-05	0.0020837333825054	1
"mp644"	1.67820329854782	1.67820329854782	6.88021640537658e-05	0.00235074060517033	1
"mp709"	-1.5121245898556	1.5121245898556	0.00163927075695822	0.0118631436358819	1
"mp716"	1.53288763568983	1.53288763568983	6.41470032461116e-05	0.002272536514959	1
"mp729"	1.85523979711907	1.85523979711907	0.000417729595503738	0.00553032410847836	1
"mp741"	1.82279300330728	1.82279300330728	0.000209377001422865	0.00379474522935278	1
"mp759"	1.51227959907039	1.51227959907039	0.00132712095227527	0.0104061783143778	1
"mp819"	1.72073273709543	1.72073273709543	7.81125659108248e-05	0.00251518685990475	1
"mp855"	-1.73334917786116	1.73334917786116	0.000152435753609817	0.00332390864375395	1
"mp860"	1.75914075638637	1.75914075638637	0.000993589468822364	0.00891213427470862	1
"mp874"	-1.85010723242051	1.85010723242051	2.23005017723565e-05	0.00156069807826851	1
"mp881"	-1.98661992483734	1.98661992483734	8.57372562415932e-06	0.00122148947611911	1
"mp887"	1.6382416958263	1.6382416958263	6.46428948536335e-06	0.00117556232173342	1
"mp888"	2.31953096513116	2.31953096513116	7.84642889692824e-06	0.00119552007855224	1
"mp924"	-1.63478730220663	1.63478730220663	1.33066924763552e-05	0.00133957997920451	1
"mp937"	-1.65473696517621	1.65473696517621	6.69029217756751e-05	0.00231389706448079	1
"mp979"	1.66109512080189	1.66109512080189	0.000118741815689905	0.00300805767617908	1
"mp1006"	1.60855757473542	1.60855757473542	0.000318097475377259	0.00474411247999814	1
"mp1025"	1.53701431550642	1.53701431550642	0.000710851168477667	0.00751157162566607	1
"mp1032"	-2.323624822441	2.323624822441	0.000388422190961226	0.00530200993109906	1
"mp1037"	-1.68706248301489	1.68706248301489	0.000881993731166685	0.00838488981357873	1
"mp1041"	-1.80919390790384	1.80919390790384	3.00549875271257e-05	0.0017401614393809	1
"mp1068"	-1.53166591895806	1.53166591895806	0.00165983769750273	0.0119134281629292	1
"mp1072"	1.77703798533146	1.77703798533146	0.00135865752547194	0.0105720245684583	1
"mp1078"	-2.28905755663181	2.28905755663181	0.000190404435586566	0.00366316758036424	1
"mp1095"	1.61072686453345	1.61072686453345	0.000946699354837305	0.00872013115762008	1
"mp1103"	1.76197749700897	1.76197749700897	0.000251470729338505	0.0041538651091052	1
"mp1128"	1.85311686063391	1.85311686063391	4.70391766095931e-05	0.00204261298912105	1
"mp1146"	-1.87359403480572	1.87359403480572	2.25626418410437e-05	0.00156069807826851	1
"mp1177"	1.6976600980465	1.6976600980465	6.1852490715309e-05	0.00221839941498053	1
"mp1234"	-1.55085361230419	1.55085361230419	0.00132069934871203	0.0104000711684072	1
"mp1296"	1.54001500902075	1.54001500902075	6.55578607292729e-05	0.00229639561152855	1
"mp1305"	1.5151155112636	1.5151155112636	0.00427947529787111	0.0211813362526325	1
"mp1319"	1.57936547306443	1.57936547306443	0.00019361192302209	0.00369995666453231	1
"mp1344"	1.55732165933181	1.55732165933181	4.34187192960101e-05	0.00204261298912105	1
"mp1378"	1.53344988942278	1.53344988942278	0.000791660525269392	0.00794610600737351	1
"mp1394"	-2.05061639574334	2.05061639574334	0.000186043748962564	0.00362914060476281	1
"mp1398"	2.04128674924682	2.04128674924682	5.36750542895512e-07	0.000864023035107985	1
"mp1466"	-1.62999818978566	1.62999818978566	3.98739025534756e-05	0.00196322380476174	1
"mp1476"	2.53146879362449	2.53146879362449	3.42615439786803e-05	0.0018344494754301	1
"mp1482"	-1.72774398277281	1.72774398277281	5.93412219246439e-05	0.00220815933069426	1
"mp1500"	1.68834717842213	1.68834717842213	0.000165820145555638	0.00344948734527641	1
"mp1503"	-2.32800243882896	2.32800243882896	1.60885767393608e-06	0.00117556232173342	1
"mp1536"	1.93975577882894	1.93975577882894	3.11259051325445e-05	0.00177244737560323	1
"mp1538"	-1.56601354942032	1.56601354942032	1.50792919807384e-05	0.00142125276551469	1
"mp1543"	2.07418258913755	2.07418258913755	0.000172773944863032	0.0034873372707222	1
"mp1560"	1.57426817919536	1.57426817919536	0.000337925414082664	0.00495258197111119	1
"mp1561"	-1.55069754521648	1.55069754521648	0.000368611473776993	0.00519132979773175	1
"mp1585"	1.50910957888036	1.50910957888036	0.000213380796045203	0.00379474522935278	1
"mp1605"	-1.69657039062631	1.69657039062631	0.000222745792164898	0.00388841061757285	1
"mp1648"	2.04327045554724	2.04327045554724	1.18732123559963e-05	0.00131475143929465	1
"mp1659"	-1.57436594331228	1.57436594331228	3.45953310863641e-05	0.0018344494754301	1
"mp1661"	1.54289331088382	1.54289331088382	0.000715806883850186	0.00753316876945875	1
"mp1672"	-1.64192569156813	1.64192569156813	8.24603155992332e-05	0.00253645572412234	1
"mp1685"	1.60953706415253	1.60953706415253	0.00156080933924423	0.0115246400130837	1
"mp1748"	2.13394492067953	2.13394492067953	9.2402618395851e-05	0.00266455120821795	1
"mp1753"	-2.17162401788668	2.17162401788668	1.22136840504777e-05	0.00131475143929465	1
"mp1795"	1.93368148191951	1.93368148191951	0.000108441799927735	0.00285673199575984	1
"mp1811"	-1.84230796622997	1.84230796622997	0.000288708194212429	0.00450401973391103	1
"mp1817"	-1.70820400456666	1.70820400456666	2.00220770971553e-05	0.00151386861106181	1
"mp1837"	-1.60883623384663	1.60883623384663	1.67143633291428e-05	0.00146088718245027	1
"mp1844"	-1.62544108479798	1.62544108479798	0.000152487785159125	0.00332390864375395	1
"mp1847"	1.78668510071778	1.78668510071778	0.000228149382755016	0.0039393327573703	1
"mp1860"	-2.06264675287183	2.06264675287183	4.23592610646705e-06	0.00117556232173342	1
"mp1898"	1.55618512879963	1.55618512879963	0.0015355121568518	0.0113825769681158	1
"mp1906"	1.59096320287534	1.59096320287534	0.00169874317475033	0.0120158903985633	1
"mp1962"	-1.76207601236563	1.76207601236563	0.0041553964047858	0.0207585708745945	1
"mp1969"	1.61869627558986	1.61869627558986	3.86754584533837e-05	0.0019467222949192	1
"mp1974"	3.05689383568938	3.05689383568938	0.000135684104085211	0.00316738942470332	1
"mp1978"	1.51940980285584	1.51940980285584	0.000150526459603264	0.00332390864375395	1
"mp2018"	-1.79923604148474	1.79923604148474	0.000241025369887455	0.00407401665283926	1
"mp2053"	1.52195090759889	1.52195090759889	0.000110389650256819	0.0028781001924889	1
"mp2068"	1.57303201251461	1.57303201251461	1.32496564594071e-05	0.00133957997920451	1
"mp2081"	-1.56820943756604	1.56820943756604	0.0021015130565729	0.013718284938808	1
"mp2091"	2.18729560090278	2.18729560090278	0.000141711051913348	0.00324754493968088	1
"mp2130"	-2.47093815139264	2.47093815139264	0.000407645598002471	0.00545219942761312	1
"mp2141"	1.5419112611502	1.5419112611502	0.00232334802633256	0.0145209251645785	1
"mp2163"	1.91472182548004	1.91472182548004	4.15797315611558e-06	0.00117556232173342	1
"mp2203"	-1.59453959033744	1.59453959033744	5.79581223683313e-05	0.00217529558193269	1
"mp2235"	-1.84713320204953	1.84713320204953	0.000101452904862427	0.00275848512931785	1
"mp2238"	1.66507327055183	1.66507327055183	6.83642418788217e-06	0.00118777689881209	1
"mp2251"	2.15582164221395	2.15582164221395	4.73595864957994e-05	0.00204261298912105	1
"mp2254"	2.17281427456241	2.17281427456241	2.13657673274444e-06	0.00117556232173342	1
"mp2270"	1.53336166890334	1.53336166890334	0.000458295072513635	0.00582060262483312	1
"mp2281"	1.77125850587918	1.77125850587918	0.000162645301316545	0.00343603368161794	1
"mp2288"	1.61769815752426	1.61769815752426	0.000440524487143539	0.00568296749718925	1
"mp2298"	1.75211483614583	1.75211483614583	0.000135685063603699	0.00316738942470332	1
"mp2332"	1.81852950722357	1.81852950722357	4.12490440904428e-05	0.00201334619965256	1
"mp2353"	-5.71171870682727	5.71171870682727	3.91985980465311e-06	0.00117556232173342	1
"mp2356"	1.5266581217419	1.5266581217419	0.000336760640782123	0.00494762678451713	1
"mp2366"	1.99730316506804	1.99730316506804	1.18216063392108e-05	0.00131475143929465	1
"mp2375"	1.82518138707048	1.82518138707048	0.00107439767362196	0.00923310500768874	1
"mp2462"	1.66981250450694	1.66981250450694	0.0034505046585389	0.018351150955201	1
"mp2492"	-1.81232170400106	1.81232170400106	0.000757437969020597	0.00774262293808453	1
"mp2493"	1.64206775474423	1.64206775474423	0.00614303789319684	0.0268749358982247	1
"mp2552"	2.80822348590835	2.80822348590835	1.87714133565182e-05	0.00150021746224784	1
"mp2561"	1.53925284516108	1.53925284516108	0.000213376750429014	0.00379474522935278	1
"mp2572"	2.13148368837794	2.13148368837794	1.5746240352727e-05	0.00142125276551469	1
"mp2588"	-1.58975221296144	1.58975221296144	0.00834485284645582	0.0329031110868336	1
"mp2590"	1.62060334098144	1.62060334098144	0.000100497478946962	0.00275026474545387	1
"mp2603"	-2.12369322495133	2.12369322495133	0.00031181978999194	0.0047048274199368	1
"mp2606"	1.50582280560096	1.50582280560096	0.000691947233065246	0.00738098869707725	1
"mp2608"	1.50035474008912	1.50035474008912	9.96079395263599e-05	0.00274704094806521	1
"mp2653"	-1.96998925822011	1.96998925822011	2.37080357446708e-05	0.00162004910921917	1
"mp2660"	1.51806498211101	1.51806498211101	0.0044506904023188	0.0217991026438508	1
"mp2662"	1.72434950773998	1.72434950773998	0.000190724382483864	0.00366316758036424	1
"mp2698"	-1.68046994552181	1.68046994552181	0.000216228478702638	0.00381529905692058	1
"mp2702"	-1.92113155207518	1.92113155207518	6.27350123330157e-05	0.00223514481913748	1
"mp2715"	-2.31326651316901	2.31326651316901	0.00889442214324713	0.034239354984626	1
"mp2739"	1.58437684036371	1.58437684036371	0.000749371091081804	0.00768804281341887	1
"mp2751"	1.5075618870209	1.5075618870209	0.00243327742444818	0.0149295879492931	1
"mp2758"	-1.54456507171785	1.54456507171785	0.000643326876109915	0.00709043062379207	1
"mp2759"	1.92400021620052	1.92400021620052	0.000552090305719961	0.00644452864903249	1
"mp2760"	-1.91414620536194	1.91414620536194	0.00119160417713278	0.009721662154249	1
"mp2780"	-2.29775340591812	2.29775340591812	6.56031744249557e-05	0.00229639561152855	1
"mp2801"	1.59104808346062	1.59104808346062	8.20948040114534e-06	0.0012179196253015	1
"mp2807"	-1.94725083952953	1.94725083952953	2.97266501150881e-05	0.0017401614393809	1
"mp2810"	1.84601232329908	1.84601232329908	2.63130201637298e-05	0.00165946314200697	1
"mp2813"	-1.5607619440449	1.5607619440449	0.00529742941557462	0.024349171080556	1
"mp2817"	-1.65517255551764	1.65517255551764	0.000108942568986552	0.00286323418490297	1
"mp2847"	-1.5653906511591	1.5653906511591	0.000186978680173419	0.00363254708620411	1
"mp2870"	-1.61818319885198	1.61818319885198	9.88476214530329e-05	0.00274704094806521	1
"mp2876"	1.50273565682327	1.50273565682327	0.00037284221889404	0.00521140930133122	1
"mp2894"	-1.63737879357247	1.63737879357247	0.000595375941645415	0.00672343238646671	1
"mp2961"	1.53048001888339	1.53048001888339	0.00121335112289201	0.00983503516219078	1
"mp2965"	-1.60592592345065	1.60592592345065	0.0046675481446689	0.0224031755552168	1
"mp2968"	1.78103198189831	1.78103198189831	0.00110039953445203	0.00932846182671865	1
"mp2984"	1.7133077542373	1.7133077542373	0.00570832780039016	0.0255402364878568	1
"mp2988"	2.00650648956525	2.00650648956525	0.000130276939542097	0.00311201799435835	1
"mp3031"	1.99804666954868	1.99804666954868	5.3919496029556e-06	0.00117556232173342	1
"mp3047"	3.14363400582152	3.14363400582152	6.0917215479285e-06	0.00117556232173342	1
"mp3064"	-1.76302595212689	1.76302595212689	0.000132245749134645	0.00312995229352814	1
"mp3066"	1.86443379995432	1.86443379995432	4.55906598323586e-05	0.00204261298912105	1
"mp3085"	1.595048241259	1.595048241259	8.69545763978006e-05	0.00261224707217556	1
"mp3096"	1.56310385589544	1.56310385589544	0.000211717888436244	0.00379474522935278	1
"mp3119"	1.59125738613522	1.59125738613522	0.00411753089181453	0.0206648736660002	1
"mp3146"	1.66089077664684	1.66089077664684	0.000542397908682305	0.00638983451990029	1
"mp3160"	1.58734645615263	1.58734645615263	0.000332856456834073	0.00491224679424631	1
"mp3161"	1.53305921083336	1.53305921083336	0.000338225110222228	0.00495258197111119	1
"mp3167"	1.53039367829278	1.53039367829278	0.0140701166770479	0.047156509547568	1
"mp3169"	2.03778015698551	2.03778015698551	0.000204529362281643	0.00377689218194345	1
"mp3180"	1.52831609929786	1.52831609929786	0.000952060439470538	0.00872013115762008	1
"mp3257"	-1.56195913322533	1.56195913322533	0.005892655100185	0.0260957133757211	1
"mp3285"	1.55593607418962	1.55593607418962	0.00153918405701873	0.0114022997653655	1
"mp3290"	-1.94074893741728	1.94074893741728	5.16217573722795e-06	0.00117556232173342	1
"mp3293"	1.73123395754846	1.73123395754846	8.05556223944279e-05	0.00253645572412234	1
"mp3342"	-1.60675984560093	1.60675984560093	2.70571559474423e-05	0.00168223533107372	1
"mp3400"	1.57382223661432	1.57382223661432	0.00221281150826039	0.0140877751302292	1
"mp3431"	1.54996409518065	1.54996409518065	0.000805267245171963	0.00802891855498754	1
"mp3432"	1.61920659173418	1.61920659173418	8.24856906483132e-05	0.00253645572412234	1
"mp3451"	-1.6268448066933	1.6268448066933	4.51911616739588e-05	0.00204261298912105	1
"mp3472"	2.12939433339183	2.12939433339183	0.000983571838318426	0.00887892111852702	1
"mp3484"	2.1697168137674	2.1697168137674	0.000128072473075997	0.00308691116466085	1
"mp3490"	1.5628812488277	1.5628812488277	0.00103107977727175	0.0090672544072185	1
"mp3505"	2.10792628265402	2.10792628265402	0.000242552951529161	0.00408786925036067	1
"mp3557"	1.59693355556839	1.59693355556839	9.12308828453936e-05	0.00265201056084601	1
"mp3561"	2.01373641614727	2.01373641614727	0.000143880645529884	0.00327728137040292	1
"mp3580"	1.91310351971274	1.91310351971274	2.42679700666636e-05	0.00162786446462647	1
"mp3586"	-2.5310663065742	2.5310663065742	1.25772768764987e-05	0.00132531585778059	1
"mp3590"	1.57979340347882	1.57979340347882	0.000107655777254663	0.00284934011395852	1
"mp3642"	-1.71456680253017	1.71456680253017	1.80185487683636e-05	0.00148506835242736	1
"mp3647"	1.8114417062799	1.8114417062799	0.00100305131253365	0.00896501522640181	1
"mp3683"	-1.53257910818772	1.53257910818772	0.00120942230851416	0.00981730491612466	1
"mp3711"	1.53109295924247	1.53109295924247	0.000186694570562579	0.00363254708620411	1
"mp3729"	-2.67959932726277	2.67959932726277	6.07099670160864e-05	0.00221522614273907	1
"mp3734"	-1.53510665568457	1.53510665568457	0.00113191816564777	0.00942671396031607	1
"mp3748"	-1.82419664791024	1.82419664791024	0.00135222424729768	0.0105510923102293	1
"mp3758"	-2.24849138755525	2.24849138755525	0.0014941236033662	0.0111741541658632	1
"mp3761"	-1.52939984444054	1.52939984444054	0.000160146473541454	0.00341979448708313	1
"mp3823"	-1.62046582008156	1.62046582008156	0.000402971882269254	0.0054136206866022	1
"mp3835"	-1.529506355885	1.529506355885	0.000198845017249411	0.00373836773275442	1
"mp3875"	1.59079298040424	1.59079298040424	1.95805034457069e-05	0.00151386861106181	1
"mp3923"	1.67679117080697	1.67679117080697	0.000474760163981081	0.00594768983209632	1
"mp3943"	-1.58094610041989	1.58094610041989	0.00024902779029022	0.00414739783681274	1
"mp3965"	1.71523571725516	1.71523571725516	0.000722301635316146	0.00754069531313847	1
"mp3970"	-1.56721226270109	1.56721226270109	0.0025940397510607	0.0155078463378629	1
"mp4004"	-1.65669070961037	1.65669070961037	0.00016431381931088	0.00344423537859476	1
"mp4025"	2.29096976425679	2.29096976425679	3.73082122732798e-05	0.00189482024045599	1
"mp4038"	1.5689838416926	1.5689838416926	0.000266976368179049	0.0043218455027547	1
"mp4053"	1.54954125210983	1.54954125210983	0.00276728406278532	0.016130223366233	1
"mp4054"	-1.81900846767816	1.81900846767816	0.00017525187552832	0.00350970674348457	1
"mp4073"	2.28862850536301	2.28862850536301	2.48979544237462e-05	0.00162786446462647	1
"mp4109"	1.56282565241505	1.56282565241505	8.55913539719852e-05	0.00259857972162001	1
"mp4111"	1.56140708882669	1.56140708882669	0.00183785518628733	0.0126584100338361	1
"mp4141"	-2.53499671681823	2.53499671681823	7.75430661688105e-05	0.00250515206605541	1
"mp4153"	1.53894118043975	1.53894118043975	0.000124745184949699	0.00304437653746289	1
"mp4178"	-1.54860169699221	1.54860169699221	2.84315230988205e-05	0.00169038872849039	1
"mp4193"	-2.26768939833181	2.26768939833181	7.0255541797848e-06	0.00118777689881209	1
"mp4210"	-1.68058450379408	1.68058450379408	5.86081343664116e-06	0.00117556232173342	1
"mp4254"	1.61481550876185	1.61481550876185	0.00083452601473196	0.00817965779160004	1
"mp4255"	-1.52760360556641	1.52760360556641	0.000958496645796359	0.0087435677033608	1
"mp4260"	1.60679598530051	1.60679598530051	1.28754194933276e-05	0.00133957997920451	1
"mp4265"	-1.55343662743953	1.55343662743953	0.00016735358502016	0.00346001277444674	1
"mp4293"	2.1164649263044	2.1164649263044	5.43235780236448e-05	0.00210480529971339	1
"mp4295"	1.96727174870601	1.96727174870601	0.000192311423549877	0.00368134346438856	1
"mp4324"	1.57984072416254	1.57984072416254	0.000395793380255153	0.00536424318939337	1
"mp4332"	1.73278003693804	1.73278003693804	8.23795648171798e-05	0.00253645572412234	1
"mp4338"	2.46511283631347	2.46511283631347	2.84854863337626e-05	0.00169038872849039	1
"mp4346"	-1.68066514353198	1.68066514353198	0.00026758874380432	0.0043218455027547	1
"mp4366"	-1.86799024571216	1.86799024571216	0.000297596170822116	0.00457762186360076	1
"mp4371"	1.70110705373458	1.70110705373458	5.46810569682295e-06	0.00117556232173342	1
"mp4373"	-3.70471576480198	3.70471576480198	2.4730443834469e-06	0.00117556232173342	1
"mp4379"	1.50451707687429	1.50451707687429	2.17438516236211e-05	0.00156069807826851	1
"mp4381"	1.53176283018099	1.53176283018099	0.00110388919037681	0.00932846182671865	1
"mp4412"	-2.47274795589098	2.47274795589098	2.64768078514276e-05	0.00165946314200697	1
"mp4422"	1.80790063153066	1.80790063153066	5.15168749891089e-05	0.00206709169217866	1
"mp4432"	-2.41643925869388	2.41643925869388	2.17175142684849e-05	0.00156069807826851	1
"mp4467"	-1.58959057824266	1.58959057824266	0.00219089204771931	0.0140020684806836	1
"mp4491"	1.57578844349753	1.57578844349753	0.00288902174915037	0.0164430692688897	1
"mp4492"	1.56785685016906	1.56785685016906	0.00136192540792475	0.0105727850579633	1
"mp4497"	1.53721522778286	1.53721522778286	0.00449390059909866	0.021898376148513	1
"mp4518"	1.69702716204021	1.69702716204021	4.9203848657426e-05	0.00204261298912105	1
"mp4523"	1.59115027190639	1.59115027190639	0.00178871861938077	0.0124339102549434	1
"mp4547"	1.52516130152008	1.52516130152008	0.000445809873922628	0.00573802092291967	1
"mp4602"	-1.52265746370435	1.52265746370435	2.02335138674236e-06	0.00117556232173342	1
"mp4608"	-2.30473987678936	2.30473987678936	0.000151602456330739	0.00332390864375395	1
"mp4637"	-2.25713788957832	2.25713788957832	0.000513819443925176	0.00619605800027418	1
"mp4649"	1.52605876905865	1.52605876905865	0.0128634235869671	0.0443939702917214	1
"mp4671"	2.74544965935556	2.74544965935556	0.000131233513575881	0.00312164106659929	1
"mp4676"	1.80656125826125	1.80656125826125	3.10121716076544e-05	0.00177244737560323	1
"mp4677"	1.75199564613675	1.75199564613675	0.00132132026540283	0.0104000711684072	1
"mp4695"	1.57414794589219	1.57414794589219	0.000760589759141393	0.00776076880933865	1
"mp4703"	1.85284869545983	1.85284869545983	0.000156113643325694	0.00337846704126141	1
"mp4726"	-1.78905757692722	1.78905757692722	0.000305077872803434	0.00463578573565865	1
"mp4741"	1.61215161850933	1.61215161850933	0.00291930538937174	0.0165819487481946	1
"mp4743"	-1.92795643348231	1.92795643348231	0.000964483185450163	0.00878396439091324	1
"mp4799"	1.68186029975181	1.68186029975181	0.00235032594367717	0.0146179124041473	1
"mp4813"	-1.57443266798904	1.57443266798904	0.000174815984001901	0.00350970674348457	1
"mp4831"	1.58051846265027	1.58051846265027	0.000147992913234913	0.00331075416016595	1
"mp4843"	1.66235770123848	1.66235770123848	0.000694953974881725	0.00738511410630674	1
"mp4868"	-2.06152893020712	2.06152893020712	8.94377148510469e-05	0.00264674602347914	1
"mp4870"	-1.94737498779399	1.94737498779399	0.000370374804371837	0.00520046814357717	1
"mp4906"	-1.54237783333016	1.54237783333016	0.00224815660971301	0.0142404302104012	1
"mp4908"	1.51710775213522	1.51710775213522	2.83872184044012e-06	0.00117556232173342	1
"mp4923"	-1.69279009819103	1.69279009819103	5.36138749656636e-05	0.00209114529672932	1
"mp4930"	1.71396966248147	1.71396966248147	1.72029002892614e-05	0.00146941439970774	1
"mp4944"	2.37623519803664	2.37623519803664	2.73783301863705e-05	0.00168223533107372	1
"mp4951"	1.52956619218605	1.52956619218605	0.000208863108068097	0.00379474522935278	1
"mp4961"	1.57501635986894	1.57501635986894	0.000119112603821624	0.00300805767617908	1
"mp4990"	1.6017244149509	1.6017244149509	0.00447339850533491	0.0218502414510201	1
"mp4992"	-1.61408190282594	1.61408190282594	0.00079885833949141	0.00799922537989844	1
"mp5024"	1.74189664577595	1.74189664577595	0.000164956727666623	0.00344423537859476	1
"mp5030"	-2.16124600055526	2.16124600055526	0.000300996263825783	0.00460673127711783	1
"mp5049"	-1.66998673178506	1.66998673178506	0.000673002390083947	0.00728362487557022	1
"mp5071"	-1.52813813905192	1.52813813905192	0.000310602444606572	0.00470263471718722	1
"mp5089"	1.64730906685796	1.64730906685796	0.000352219963658494	0.00506060654219853	1
"mp5095"	-1.52048531059182	1.52048531059182	0.00389452824409451	0.0199835227233821	1
"mp5109"	1.63747976140762	1.63747976140762	0.00014158948471212	0.00324754493968088	1
"mp5129"	1.58035271067511	1.58035271067511	5.86379627008427e-06	0.00117556232173342	1
"mp5139"	1.81507447381447	1.81507447381447	0.00100892732967539	0.00899694780552558	1
"mp5169"	-1.51067121385762	1.51067121385762	0.000144813382360154	0.0032852532919733	1
"mp5177"	1.62908194791394	1.62908194791394	0.00235407070188006	0.0146290882640429	1
"mp5182"	1.63504452542923	1.63504452542923	0.000190339406923414	0.00366316758036424	1
"mp5185"	1.72335903490466	1.72335903490466	5.08862990109394e-05	0.00205238484852316	1
"mp5188"	-3.1249915425476	3.1249915425476	8.03670068545975e-08	0.000226534500571397	1
"mp5191"	1.70544464830291	1.70544464830291	0.00125548288013439	0.0100880891025447	1
"mp5262"	2.10809779820302	2.10809779820302	0.000419903708318291	0.00554381066895636	1
"mp5273"	1.5249853274804	1.5249853274804	0.000149735413600657	0.00332390864375395	1
"mp5286"	-1.60873682132456	1.60873682132456	0.00474962026641424	0.0227011312012805	1
"mp5317"	1.604333734002	1.604333734002	0.00021499768045137	0.00380549269558744	1
"mp5354"	1.70070545542789	1.70070545542789	0.00163452399398314	0.0118449573587113	1
"mp5390"	-1.50991465293636	1.50991465293636	0.00185198257659031	0.0127168718337733	1
"mp5408"	1.51938657981978	1.51938657981978	0.0014332096055865	0.0109111669837865	1
"mp5450"	-1.78357285257508	1.78357285257508	0.00102165256019624	0.00903655259464935	1
"mp5457"	1.69938359091217	1.69938359091217	2.64343779425534e-06	0.00117556232173342	1
"mp5460"	-1.5950306741913	1.5950306741913	0.00155185377357786	0.0114810704049149	1
"mp5465"	1.62156205366656	1.62156205366656	0.000110355556738066	0.0028781001924889	1
"mp5487"	-2.05731602238932	2.05731602238932	0.000791853739611561	0.00794610600737351	1
"mp5529"	-1.65437144903188	1.65437144903188	0.000235882668227924	0.00402356593686814	1
"mp5563"	-1.85763288868096	1.85763288868096	0.000237139940501583	0.0040286076328537	1
"mp5573"	-1.76099773905701	1.76099773905701	0.000120850180906457	0.00301457033123962	1
"mp5588"	-2.18075707371652	2.18075707371652	9.53352722374217e-06	0.00124088029326754	1
"mp5601"	1.98218136626008	1.98218136626008	7.34939672020193e-05	0.00245161088817387	1
"mp5604"	2.18426656799313	2.18426656799313	7.05887708412427e-05	0.00239005522893397	1
"mp5636"	-1.8116344526454	1.8116344526454	0.000165408303942652	0.0034472802716329	1
"mp5673"	-1.520809461514	1.520809461514	0.00563874947784291	0.0253496412929341	1
"mp5675"	-3.55637605100412	3.55637605100412	5.50220636007567e-08	0.000206791255699511	1
"mp5676"	-1.79623327443229	1.79623327443229	0.000212120302249312	0.00379474522935278	1
"mp5690"	1.50588003129742	1.50588003129742	0.000101531825158927	0.00275848512931785	1
"mp5709"	-1.52886463958211	1.52886463958211	2.0043391812124e-05	0.00151386861106181	1
"mp5713"	2.19931650741614	2.19931650741614	4.82255529758444e-05	0.00204261298912105	1
"mp5744"	1.60363548574279	1.60363548574279	0.00520550836744256	0.0240738748330249	1
"mp5778"	-1.63096264816938	1.63096264816938	0.00361042115539394	0.0189601763051079	1
"mp5784"	-1.96452811976934	1.96452811976934	3.77837226698962e-06	0.00117556232173342	1
"mp5792"	-1.57185822855038	1.57185822855038	0.00049795180974403	0.0061182893053983	1
"mp5803"	1.65152652855175	1.65152652855175	0.000428721544265758	0.00560384656136099	1
"mp5817"	1.59825612017804	1.59825612017804	0.0017190724923053	0.0121292505323794	1
"mp5842"	-1.73236304768258	1.73236304768258	4.91796664293604e-05	0.00204261298912105	1
"mp5865"	1.6471316423846	1.6471316423846	4.02843664760329e-05	0.00197480970442292	1
"mp5901"	-1.87788587704168	1.87788587704168	6.72402339191283e-05	0.00231845149063661	1
"mp5920"	-2.40074282745923	2.40074282745923	4.532327566812e-05	0.00204261298912105	1
"mp5951"	2.78248467532585	2.78248467532585	1.82565842826858e-05	0.00148506835242736	1
"mp5970"	-2.08495825011589	2.08495825011589	1.71386399507074e-05	0.00146941439970774	1
"mp5976"	1.70460326028314	1.70460326028314	1.20006568547647e-05	0.00131475143929465	1
"mp5983"	-2.39755305869057	2.39755305869057	2.29743849086454e-05	0.00157948896246937	1
"mp6164"	1.60352485631484	1.60352485631484	0.000301122922504287	0.00460673127711783	1
"mp6191"	-1.69565557371216	1.69565557371216	0.00020306624806575	0.00376614131400995	1
"mp6212"	1.55382464645302	1.55382464645302	0.00101043991155257	0.00899898104483037	1
"mp6243"	-1.76692551565047	1.76692551565047	0.000116700455335999	0.00297789920077765	1
"mp6251"	2.2804583134499	2.2804583134499	0.00074808780655358	0.00768549620476868	1
"mp6382"	-2.14324352939291	2.14324352939291	0.00207462081585148	0.0135838719451992	1
"mp6386"	-1.54707210559623	1.54707210559623	2.87484850340107e-05	0.00169706371077733	1
"mp6417"	1.53500690130195	1.53500690130195	0.000199002079647649	0.00373836773275442	1
"mp6439"	1.7017783333818	1.7017783333818	0.000334154292194194	0.00492495378364646	1
"mp6441"	1.75500787845568	1.75500787845568	0.000266632903649328	0.0043218455027547	1
"mp6466"	-1.72436444901871	1.72436444901871	8.99189592176376e-06	0.00122148947611911	1
"mp6474"	1.77781563143715	1.77781563143715	0.000507963112895424	0.00616499902895146	1
"mp6477"	1.70505483164612	1.70505483164612	0.000636569702354533	0.00702282132489956	1
"mp6496"	2.29206527566417	2.29206527566417	2.45823031807981e-05	0.00162786446462647	1
"mp6497"	2.7887598782917	2.7887598782917	0.000131169462108358	0.00312164106659929	1
"mp6541"	1.59761052467037	1.59761052467037	0.00108496544513141	0.00925210379242601	1
"mp6574"	-1.50772904070011	1.50772904070011	0.000248421738413455	0.0041434247050469	1
"mp6595"	1.81070215677452	1.81070215677452	1.82790623789538e-05	0.00148506835242736	1
"mp6604"	-1.61957744601752	1.61957744601752	0.000826536550781172	0.00814491052281044	1
"mp6629"	3.0021624163809	3.0021624163809	7.12323693145702e-05	0.00239744765379636	1
"mp6636"	2.43145583235528	2.43145583235528	6.43568786525438e-06	0.00117556232173342	1
"mp6658"	-2.34666238358859	2.34666238358859	0.000399806045704183	0.00539739636663437	1
"mp6663"	-1.65780195622604	1.65780195622604	0.00242518999185258	0.0148932555327548	1
"mp6733"	1.94191449461648	1.94191449461648	5.80721924755424e-05	0.00217529558193269	1
"mp6747"	-1.61022358057776	1.61022358057776	0.000544589649345137	0.00640227723752724	1
"mp6770"	-1.75258622646031	1.75258622646031	2.78578454972312e-05	0.00168223533107372	1
"mp6790"	2.1069186138351	2.1069186138351	0.00136250613651624	0.0105727850579633	1
"mp6809"	-1.59332323533038	1.59332323533038	0.000139625368435948	0.00322249390731739	1
"mp6814"	-2.03527298388495	2.03527298388495	9.49420661294549e-05	0.0026956013879894	1
"mp6818"	2.06150917488558	2.06150917488558	5.03120916309962e-06	0.00117556232173342	1
"mp6846"	1.75656299250219	1.75656299250219	0.00162036193573893	0.0118020547968065	1
"mp6861"	1.64284788979972	1.64284788979972	5.03588756766255e-07	0.000864023035107985	1
"mp6873"	1.63234767547277	1.63234767547277	0.00034598140934269	0.00501406219837896	1
"mp6906"	-2.36052910459216	2.36052910459216	3.41297425083493e-05	0.0018344494754301	1
"mp6908"	1.67777644893856	1.67777644893856	0.000146965894071004	0.00330746597934246	1
"mp6921"	-1.58993262243921	1.58993262243921	0.00404808138466289	0.020421529132919	1
"mp6932"	-1.84066420338762	1.84066420338762	0.0014633911903941	0.01104399978025	1
"mp6933"	-1.88907035389321	1.88907035389321	6.52954626514189e-07	0.000864023035107985	1
"mp6961"	-1.55162528309936	1.55162528309936	6.5785878716073e-05	0.00229639561152855	1
"mp6995"	1.7534941857693	1.7534941857693	0.00129789950231337	0.0103160273493858	1
"mp6996"	1.72069094899752	1.72069094899752	0.000750222375665093	0.0076897793505672	1
"mp7006"	-1.52960477237789	1.52960477237789	0.000657182006751471	0.00718693222708326	1
"mp7016"	-1.92213447096137	1.92213447096137	7.74223598241718e-05	0.00250515206605541	1
"mp7039"	1.63829598953556	1.63829598953556	0.000226998918318402	0.00392666720949026	1
"mp7072"	1.58536829573482	1.58536829573482	0.000953920957585397	0.00873008019218779	1
"mp7081"	1.54309134052864	1.54309134052864	7.21716389969902e-05	0.00241802106821049	1
"mp7096"	-2.48257001094817	2.48257001094817	3.69434497770437e-06	0.00117556232173342	1
"mp7124"	1.74035137384064	1.74035137384064	6.97713552641713e-06	0.00118777689881209	1
"mp7138"	1.88954427244256	1.88954427244256	5.26436214520527e-05	0.0020837333825054	1
"mp7153"	1.73053779427248	1.73053779427248	0.00176191618964537	0.0123159361675459	1
"mp7163"	-1.73032174498485	1.73032174498485	0.000250569263339065	0.00415011901009076	1
"mp7181"	1.63045635715842	1.63045635715842	0.00070455366368239	0.0074562141664858	1
"mp7225"	2.07783650192341	2.07783650192341	2.10409281149708e-05	0.00154049652270322	1
"mp7230"	-2.11488354196129	2.11488354196129	1.42424007511708e-05	0.0013839596281933	1
"mp7232"	-1.99682981517557	1.99682981517557	0.000152514507443482	0.00332390864375395	1
"mp7249"	2.04554175510324	2.04554175510324	0.000498963391823808	0.0061182893053983	1
"mp7264"	1.64409143235171	1.64409143235171	9.0762767610089e-05	0.00265201056084601	1
"mp7274"	-1.53779642816064	1.53779642816064	6.45548515235752e-06	0.00117556232173342	1
"mp7282"	1.6380169636171	1.6380169636171	0.000387284684132359	0.00530200993109906	1
"mp7284"	1.66735191739758	1.66735191739758	9.45211080849256e-05	0.00269122599408469	1
"mp7292"	-1.54277067175971	1.54277067175971	0.000191037032128973	0.00366316758036424	1
"mp7328"	1.82754163749645	1.82754163749645	5.35460398815239e-05	0.00209114529672932	1
"mp7390"	-2.61037024508151	2.61037024508151	0.000208024847579681	0.00379474522935278	1
"mp7425"	-2.11412995695348	2.11412995695348	0.0001627354311294	0.00343603368161794	1
"mp7427"	-1.61226477306156	1.61226477306156	0.000293112270649607	0.00454586086874046	1
"mp7428"	-1.53179479141191	1.53179479141191	0.00290827857267029	0.0165359762515671	1
"mp7459"	1.76884241823262	1.76884241823262	0.000111332459034368	0.00288034262271929	1
"mp7466"	1.78666973639453	1.78666973639453	0.000313408594269843	0.00470847147213562	1
"mp7488"	-1.78446831153765	1.78446831153765	0.000128130769406765	0.00308691116466085	1
"mp7512"	1.85144482689062	1.85144482689062	0.000104637841215367	0.00279876595078463	1
"mp7521"	-1.96281677712215	1.96281677712215	3.27902357131665e-05	0.00183024706765323	1
"mp7591"	1.87360566314421	1.87360566314421	6.28417656467034e-05	0.00223514481913748	1
"mp7601"	2.09955593322757	2.09955593322757	0.000164926829668233	0.00344423537859476	1
"mp7640"	1.63134542611798	1.63134542611798	0.00226887183684043	0.0143233650394042	1
"mp7691"	-1.59156891512924	1.59156891512924	0.0126571983992866	0.0439242572951543	1
"mp7725"	1.83015359717592	1.83015359717592	3.51340156013727e-05	0.00185110292479195	1
"mp7767"	-1.50995697255218	1.50995697255218	0.000115826855344783	0.00296806316821005	1
"mp7776"	1.5323707755943	1.5323707755943	0.000410960150732551	0.00548352153788108	1
"mp7784"	-1.63911366257212	1.63911366257212	0.000296913951883567	0.0045733672233432	1
"mp7875"	-2.04426803567446	2.04426803567446	9.88878870040515e-06	0.00125266597923376	1
"mp7911"	1.96592959158728	1.96592959158728	4.84183015649372e-05	0.00204261298912105	1
"mp7913"	-1.8062542386391	1.8062542386391	0.000633782296730861	0.00700577979964751	1
"mp7916"	-1.96707857545156	1.96707857545156	5.63926141216498e-05	0.00214083072128485	1
"mp7989"	-2.30269823112599	2.30269823112599	7.9244570961833e-05	0.0025239619706064	1
"mp7995"	1.75954533629592	1.75954533629592	5.60789733435812e-05	0.00214083072128485	1
"mp8062"	1.93661097177094	1.93661097177094	2.61684367182373e-05	0.00165946314200697	1
"mp8083"	-1.52408924004867	1.52408924004867	0.000172897697058422	0.0034873372707222	1
"mp8120"	2.13386556618139	2.13386556618139	8.99177335836643e-06	0.00122148947611911	1
"mp8178"	-1.81356656069882	1.81356656069882	2.49774325836257e-05	0.00162786446462647	1
"mp8201"	1.53778463864586	1.53778463864586	0.0110015575724451	0.0395670053044077	1
"mp8247"	2.33787624564741	2.33787624564741	0.000907887938551036	0.00854460476390896	1
"mp8274"	-2.5301514670964	2.5301514670964	1.05440195271864e-07	0.000237767640338054	1
"mp8289"	1.84334452718485	1.84334452718485	7.91997891053957e-05	0.0025239619706064	1
"mp8299"	-1.6260138645758	1.6260138645758	0.000187184909719254	0.00363254708620411	1
"mp8320"	3.09439973887999	3.09439973887999	1.35505453227269e-05	0.00134019647819075	1
"mp8354"	1.82524403668242	1.82524403668242	0.000120386129422189	0.00300965323555474	1
"mp8357"	-1.84833113850073	1.84833113850073	8.5742523489976e-05	0.00259857972162001	1
"mp8361"	-1.58245276805981	1.58245276805981	0.000429421146697641	0.00560384656136099	1
"mp8372"	-1.65839561732237	1.65839561732237	7.62319257698947e-06	0.00118777689881209	1
"mp8425"	-1.51028607119682	1.51028607119682	0.000379346516300558	0.00527389885485671	1
"mp8485"	1.5222833153108	1.5222833153108	0.00400090745513158	0.0202651534396265	1
"mp8517"	-1.84296543619594	1.84296543619594	7.6125094356895e-05	0.00248261233711549	1
"mp8595"	1.55557442339765	1.55557442339765	0.00922826393262505	0.0351872424214905	1
"mp8626"	-1.57705769741021	1.57705769741021	0.000230338663764463	0.00395894578345171	1
"mp8676"	1.89857959093399	1.89857959093399	5.66053892187593e-06	0.00117556232173342	1
"mp8745"	1.7947063879288	1.7947063879288	0.00161216829747029	0.0117499660982401	1
"mp8783"	-2.10310686398885	2.10310686398885	1.22438049779103e-05	0.00131475143929465	1
"mp8809"	-4.40264207330365	4.40264207330365	8.37406875825439e-06	0.00122148947611911	1
"mp8817"	1.8234009388931	1.8234009388931	0.000502328000024603	0.00612297102732692	1
"mp8822"	-1.84017410675342	1.84017410675342	0.000312651433445268	0.00470646850747049	1
"mp8828"	1.57807825590223	1.57807825590223	0.00108365811441858	0.00925210379242601	1
"mp8843"	-1.99651663912747	1.99651663912747	0.000178247228868014	0.0035368911106699	1
"mp8881"	2.21952638563536	2.21952638563536	0.000651050888519779	0.00714761321135395	1
"mp8924"	1.7810586106882	1.7810586106882	0.000416509774995809	0.00553032410847836	1
"mp8949"	2.00295601422323	2.00295601422323	3.36724286991697e-06	0.00117556232173342	1
"mp8950"	1.95295678004624	1.95295678004624	0.000162306403747495	0.00343603368161794	1
"mp8960"	-1.56376950263557	1.56376950263557	0.000120183633903678	0.00300965323555474	1
"mp8963"	-1.68017919314233	1.68017919314233	0.000213161025353474	0.00379474522935278	1
"mp8970"	-1.56892685050825	1.56892685050825	4.16974179131514e-05	0.0020133999567097	1
"mp8991"	-1.50006428132541	1.50006428132541	6.76940103298445e-05	0.00232354725433006	1
"mp8993"	2.12122780283064	2.12122780283064	0.000148555064165807	0.00331674920489005	1
"mp8994"	1.64575533317452	1.64575533317452	0.00115401774223115	0.00953925956279778	1
"mp8996"	1.51386564599887	1.51386564599887	0.00303353874993172	0.0169238740254726	1
"mp9179"	1.94779531509395	1.94779531509395	4.47003733499559e-06	0.00117556232173342	1
"mp9270"	1.60506805527618	1.60506805527618	0.00106578637607083	0.00917308503068599	1
"mp9323"	-3.41144465572173	3.41144465572173	3.41371321451316e-06	0.00117556232173342	1
"mp9355"	1.83566904746617	1.83566904746617	0.00236403275153421	0.0146614242428758	1
"mp9358"	1.54889625809273	1.54889625809273	0.000732194025945224	0.00760445010329191	1
"mp9371"	1.68759449942182	1.68759449942182	0.000321662618355229	0.00479094586784043	1
"mp9398"	-2.09301350613725	2.09301350613725	9.13514852343441e-05	0.00265201056084601	1
"mp9406"	1.65796265893506	1.65796265893506	0.00094745975916217	0.00872013115762008	1
"mp9408"	2.06510677486032	2.06510677486032	1.63749641856056e-05	0.00144535276159462	1
"mp9449"	-1.83833565321553	1.83833565321553	7.50292596112579e-06	0.00118777689881209	1
"mp9476"	-2.19995436975256	2.19995436975256	2.59024713944852e-06	0.00117556232173342	1
"mp9527"	-1.90565293313655	1.90565293313655	0.00318966341668266	0.0174495172358549	1
"mp9646"	-1.65335223652611	1.65335223652611	7.53138181793137e-05	0.00247173455374983	1
"mp9686"	-1.55418255729581	1.55418255729581	0.00132719152249005	0.0104061783143778	1
"mp9695"	1.54216784755881	1.54216784755881	0.00175309127795234	0.0122770833285172	1
"mp9722"	-1.90344819304301	1.90344819304301	4.5044676103461e-05	0.00204261298912105	1
"mp9740"	1.50712723814655	1.50712723814655	3.27471160564873e-05	0.00183024706765323	1
"mp9752"	1.5553579616268	1.5553579616268	0.00140573511321829	0.0107820839466232	1
"mp9775"	1.57348653233797	1.57348653233797	5.96018127813127e-05	0.00220918426884826	1
"mp9783"	1.52298489362139	1.52298489362139	0.000160868914566573	0.00342690166006636	1
"mp9882"	2.08561962707968	2.08561962707968	0.000341242522789731	0.00499009208006581	1
"mp9884"	-1.54590196569098	1.54590196569098	0.000328514838142814	0.00487369052639503	1
"mp9904"	1.79752624262436	1.79752624262436	8.42949302544375e-07	0.000864023035107985	1
"mp9914"	-1.65130072105203	1.65130072105203	1.64084393334023e-05	0.00144535276159462	1
"mp9953"	1.6277328943411	1.6277328943411	0.000126840001869171	0.00307552907758045	1
"mp10034"	1.6179835433219	1.6179835433219	0.0015693562175726	0.0115650270281903	1
"mp10098"	1.88174012801548	1.88174012801548	0.00279722549387436	0.0161654112985307	1
"mp10146"	-1.93587139572088	1.93587139572088	0.000617628031903911	0.00690164128812349	1
"mp10167"	-2.18312672141021	2.18312672141021	2.74073985419531e-05	0.00168223533107372	1
"mp10247"	-1.97010966034484	1.97010966034484	0.000156773120284208	0.00337957453167512	1
"mp10255"	2.25235060436597	2.25235060436597	9.27745449724792e-05	0.00266845151674669	1
"mp10258"	-2.10058944731682	2.10058944731682	8.64560090048031e-06	0.00122148947611911	1
"mp10330"	2.27438806946771	2.27438806946771	0.000123839508480188	0.00304437653746289	1
"mp10354"	2.18505456209711	2.18505456209711	0.000231394494494949	0.0039653195836729	1
"mp10388"	-2.324459078015	2.324459078015	7.17029107162233e-06	0.00118777689881209	1
"mp10411"	-1.63313253305041	1.63313253305041	2.78334914663193e-05	0.00168223533107372	1
"mp10415"	-1.70792226279676	1.70792226279676	1.44088239552193e-05	0.0013839596281933	1
"mp10467"	1.56630395282443	1.56630395282443	0.000201106249517617	0.00374788919555559	1
"mp10498"	1.63107923515061	1.63107923515061	0.00036294750621053	0.00514746305977827	1
"mp10556"	1.52949378345154	1.52949378345154	0.0022533379123365	0.0142492344148032	1
"mp10577"	1.56897671824598	1.56897671824598	3.43159593424349e-05	0.0018344494754301	1
"mp10583"	-1.69359492313206	1.69359492313206	0.000153002978812266	0.00332390864375395	1
"mp10593"	-1.52572849485702	1.52572849485702	0.00168517966458101	0.0119699923235336	1
"mp10598"	-1.65496683838859	1.65496683838859	0.000331555537834848	0.00489946092934195	1
"mp10625"	-2.27483410960923	2.27483410960923	9.55035844845794e-06	0.00124088029326754	1
"mp10680"	3.21249979453625	3.21249979453625	0.00109085022373435	0.00928251794158855	1
"mp10687"	-1.79548407718061	1.79548407718061	0.000629446314183168	0.00698524329962128	1
"mp10708"	1.61249693830545	1.61249693830545	0.000912385842612217	0.00857262531287729	1
"mp10765"	2.02821101928972	2.02821101928972	0.000690913271746014	0.0073776092111219	1
"mp10783"	-1.58875576478775	1.58875576478775	0.00553838954457692	0.0250482720076634	1
"mp10791"	-1.73616619630432	1.73616619630432	0.000598547547345074	0.00673515328973623	1
"mp10827"	1.78492884081538	1.78492884081538	0.000359530054917955	0.00511185544665819	1
"mp10846"	-2.36286752118907	2.36286752118907	3.63263205905042e-06	0.00117556232173342	1
"mp10872"	-1.75625918874283	1.75625918874283	0.00280508201596574	0.0162001570659044	1
"mp10874"	1.7391120257788	1.7391120257788	0.000245990182766244	0.00411681789683685	1
"mp10883"	-1.56246596406755	1.56246596406755	0.000314511750978758	0.00470847147213562	1
"mp10887"	1.72771750513927	1.72771750513927	2.02338086652758e-05	0.00151386861106181	1
"mp11039"	1.58350117120847	1.58350117120847	2.6536228308341e-06	0.00117556232173342	1
"mp11042"	-1.53410880014869	1.53410880014869	0.00199677601068426	0.0133300683395702	1
"mp11053"	-1.50227420876969	1.50227420876969	0.000152202591582024	0.00332390864375395	1
"mp11073"	1.77305553131602	1.77305553131602	0.000254402149174943	0.00418131812237242	1
"mp11107"	1.57403649370259	1.57403649370259	2.68764809860475e-08	0.000151516161558843	1
"mp11250"	1.58099954250252	1.58099954250252	2.24814794561571e-05	0.00156069807826851	1
"mp11257"	1.55388606348925	1.55388606348925	1.14670311650843e-05	0.00131242031035026	1
"mp11315"	1.63083766115745	1.63083766115745	1.31636028011935e-05	0.00133957997920451	1
"mp11322"	-1.67555058795345	1.67555058795345	2.20792780950658e-05	0.00156069807826851	1
"mp11368"	-1.9972473485483	1.9972473485483	0.000540051416579928	0.00637599970883632	1
"mp11383"	-1.74482089660396	1.74482089660396	0.00039987505459764	0.00539739636663437	1
"mp11389"	1.56250082980628	1.56250082980628	0.0097620072697739	0.0366400239569576	1
"mp11406"	1.73209148395951	1.73209148395951	0.00185016071910315	0.012712103661114	1
"mp11441"	-2.48659177649309	2.48659177649309	0.000157967493537067	0.0033860902844685	1
"mp11450"	1.70299671626586	1.70299671626586	0.00150197984838449	0.0112018911641426	1
"mp11466"	-2.08561205045009	2.08561205045009	4.42057566231295e-05	0.00204261298912105	1
"mp11483"	1.86673376823258	1.86673376823258	0.00056125201477739	0.00648664703391115	1
"mp11492"	-1.53279201543874	1.53279201543874	0.00500375319246382	0.0233902641977734	1
"mp11577"	-1.95472783829189	1.95472783829189	0.000499230701637821	0.0061182893053983	1
"mp11583"	1.71634711551426	1.71634711551426	6.13999857442193e-05	0.00221839941498053	1
"mp11586"	1.52908136220713	1.52908136220713	8.1877263293007e-05	0.00253645572412234	1
"mp11608"	1.60927542882936	1.60927542882936	0.000295815521043014	0.00456268125822159	1
"mp11669"	1.52571671901914	1.52571671901914	1.09475110916872e-05	0.00131242031035026	1
"mp11678"	-2.29677483245252	2.29677483245252	0.00934091352486682	0.0355206745338528	1
"mp11688"	-1.53529146563801	1.53529146563801	0.00281185874749223	0.0162001570659044	1
"mp11699"	1.59005076009457	1.59005076009457	5.34561315525893e-06	0.00117556232173342	1
"mp11712"	1.67454040978463	1.67454040978463	7.65695133502508e-05	0.00248795753032875	1
"mp11768"	-2.81213926507603	2.81213926507603	2.58234054843572e-06	0.00117556232173342	1
"mp11769"	-1.54154468118744	1.54154468118744	5.77226230619412e-06	0.00117556232173342	1
"mp11815"	1.53024819951252	1.53024819951252	0.000134437212533818	0.00315130888008065	1
"mp11822"	-1.70674049733503	1.70674049733503	8.59663180633493e-05	0.00259857972162001	1
"mp11844"	1.5935615484778	1.5935615484778	0.00166834908055207	0.0119282339009151	1
"mp11848"	1.58388949574544	1.58388949574544	2.24777914348933e-05	0.00156069807826851	1
"mp11876"	1.81503140621928	1.81503140621928	0.000132953737290561	0.00313315521211597	1
"mp11958"	-1.56721949798005	1.56721949798005	0.00104980540242762	0.00913148204186316	1
"mp12050"	1.92386879589969	1.92386879589969	1.88940913205493e-05	0.00150021746224784	1
"mp12057"	-1.5327172722131	1.5327172722131	0.000122388585750161	0.0030394962650508	1
"mp12079"	-1.96751053242318	1.96751053242318	0.000167168489517936	0.00346001277444674	1
"mp12098"	1.60345650262097	1.60345650262097	0.000931697109193294	0.00868172306293751	1
"mp12118"	-1.59942590553841	1.59942590553841	0.000324051977828371	0.00482016629289562	1
"mp12200"	-1.515239603318	1.515239603318	0.00088371684569826	0.00838712747074737	1
"mp12221"	-2.54360205827978	2.54360205827978	1.11551694923187e-05	0.00131242031035026	1
"mp12256"	1.54025086915927	1.54025086915927	3.63469466421915e-05	0.00187208057577935	1
"mp12267"	1.60890939185498	1.60890939185498	0.000147892406624513	0.00331075416016595	1
"mp12282"	-1.50192429350346	1.50192429350346	1.44840120733313e-05	0.0013839596281933	1
"mp12305"	2.07997160603368	2.07997160603368	4.90762224052818e-05	0.00204261298912105	1
"mp12335"	-1.51608582250048	1.51608582250048	8.0186507200148e-05	0.00253645572412234	1
"mp12345"	1.67574883344074	1.67574883344074	3.63623632900824e-05	0.00187208057577935	1
"mp12350"	1.77899054636186	1.77899054636186	0.000920736052861971	0.00861392202257767	1
"mp12373"	1.56249706847104	1.56249706847104	1.57566825445088e-05	0.00142125276551469	1
"mp12375"	1.53101054620619	1.53101054620619	0.000295777236299579	0.00456268125822159	1
"mp12398"	1.99350276342068	1.99350276342068	1.15236905299047e-05	0.00131242031035026	1
"mp12409"	-2.29527285500373	2.29527285500373	4.94300585276651e-05	0.00204261298912105	1
"mp12450"	1.52875151783451	1.52875151783451	5.99565752787198e-05	0.00220918426884826	1
"mp12468"	-1.59631986680067	1.59631986680067	0.000100489920665896	0.00275026474545387	1
"mp12483"	-1.72811186769693	1.72811186769693	4.68295836892901e-05	0.00204261298912105	1
"mp12491"	1.58613553950387	1.58613553950387	0.00196789999705171	0.0132150520945551	1
"mp12492"	-1.82097909494997	1.82097909494997	1.72613777660881e-06	0.00117556232173342	1
"mp12516"	1.96989757986684	1.96989757986684	9.37063930858503e-05	0.00267623385976236	1
"mp12540"	1.9485923377851	1.9485923377851	0.000367850563713713	0.00519088248544695	1
"mp12597"	1.5106109732031	1.5106109732031	0.0143889658632052	0.0477725530352292	1
"mp12637"	1.59740837218491	1.59740837218491	6.65978472520211e-05	0.00231043300851243	1
"mp12644"	-1.61195870601403	1.61195870601403	0.000142852632440852	0.00326706578249616	1
"mp12675"	-1.56716281199081	1.56716281199081	0.000257079422127997	0.00421303849490285	1
"mp12689"	-1.89820201179677	1.89820201179677	2.55366911141208e-08	0.000151516161558843	1
"mp12846"	-2.73069986277097	2.73069986277097	7.76717555426916e-07	0.000864023035107985	1
"mp12848"	-1.51066874104679	1.51066874104679	0.00203206420350857	0.0134615299027962	1
"mp12850"	-1.91867239624456	1.91867239624456	0.000458420854177544	0.00582060262483312	1
"mp12896"	1.6758397079212	1.6758397079212	5.8452945219347e-06	0.00117556232173342	1
"mp12900"	-1.96403911029972	1.96403911029972	8.09290136961091e-06	0.00121663283923151	1
"mp12915"	-1.62632468087554	1.62632468087554	0.00756958429107922	0.030956497236822	1
"mp12931"	1.9617631723688	1.9617631723688	0.00148216628398997	0.0111335275496249	1
"mp13022"	-1.92869848140853	1.92869848140853	0.00141118609015225	0.0108018487212943	1
"mp13024"	-2.14515426535033	2.14515426535033	2.64225499177783e-05	0.00165946314200697	1
"mp13058"	-1.61345007362992	1.61345007362992	0.00191741054330518	0.0129973130528976	1
"mp13080"	1.67485704079136	1.67485704079136	1.6869004669243e-05	0.00146306175112089	1
"mp13184"	1.69265095757416	1.69265095757416	0.000646346829241465	0.00710981512165612	1
"mp13194"	-2.50689881786428	2.50689881786428	0.00024611118871058	0.00411681789683685	1
"mp13229"	-1.92353818589313	1.92353818589313	0.000167553611959904	0.00346001277444674	1
"mp13282"	-1.59110271318543	1.59110271318543	0.00511647120083895	0.0237595604569436	1
"mp13318"	1.50861647059183	1.50861647059183	7.42913631688102e-05	0.00246363270508334	1
"mp13423"	1.61590686137012	1.61590686137012	0.000382825016646506	0.00529613750023234	1
"mp13445"	-3.11470933660636	3.11470933660636	3.38726482717068e-05	0.0018344494754301	1
"mp13454"	-1.51842060288392	1.51842060288392	0.000123343265753502	0.00304437653746289	1
"mp13538"	1.9512887498582	1.9512887498582	4.16300793833896e-05	0.0020133999567097	1
"mp13554"	-1.59952822663135	1.59952822663135	0.00110700504870506	0.00932846182671865	1
"mp13611"	2.00175812419331	2.00175812419331	0.000114697587564081	0.00294582072843966	1
"mp13626"	1.88942686070097	1.88942686070097	5.23404827878887e-05	0.0020837333825054	1
"mp13635"	-1.52797191103032	1.52797191103032	0.00138679963924854	0.0106877415806749	1
"mp13677"	-1.51926231014906	1.51926231014906	0.00463050175836109	0.0223166334103967	1
"mp13779"	1.5406579320873	1.5406579320873	0.00217726600450862	0.0139719261245502	1
"mp13795"	-1.70064249063368	1.70064249063368	0.00156577281745325	0.0115461664596373	1
"mp13914"	-1.60150839770918	1.60150839770918	0.0062065359448464	0.0270710610360322	1
"mp13925"	-2.22609506888971	2.22609506888971	0.000302766175189331	0.00461309273683745	1
"mp13938"	-2.20570811451994	2.20570811451994	2.04528726806162e-05	0.00151386861106181	1
"mp13943"	-1.60435329446657	1.60435329446657	0.000157894873691103	0.0033860902844685	1
"mp13955"	-2.17481106387626	2.17481106387626	1.55612879886934e-05	0.00142125276551469	1
"mp14010"	-1.92922992411244	1.92922992411244	3.32245613208021e-05	0.00183146042772356	1
"mp14021"	-1.57403296943006	1.57403296943006	0.000562821974641838	0.00648856622094757	1
"mp14028"	-1.53719198473461	1.53719198473461	0.000597856992988296	0.00673515328973623	1
"mp14046"	-2.74471325589775	2.74471325589775	9.17074227374297e-05	0.00265201056084601	1
"mp14048"	1.63557884852528	1.63557884852528	0.00569729992238601	0.0255177795408002	1
"mp14053"	1.64617295288995	1.64617295288995	0.000293731732699807	0.00454921055795374	1
"mp14105"	-2.49446815277027	2.49446815277027	1.34404791504723e-05	0.00134019647819075	1
"mp14110"	1.51657282726599	1.51657282726599	0.00352106219419334	0.0186384864974319	1
"mp14146"	-1.9664713624146	1.9664713624146	0.000418079881897745	0.00553032410847836	1
"mp14240"	1.95039424970881	1.95039424970881	0.000461032243460865	0.00584153319978192	1
"mp14284"	-1.71573139869817	1.71573139869817	0.00126567013569097	0.0101280559119345	1
"mp14290"	-1.64569690220066	1.64569690220066	0.000136559452717665	0.0031812145235365	1
"mp14344"	-3.16599637786091	3.16599637786091	8.78897227412771e-06	0.00122148947611911	1
"mp14347"	-2.11361791436273	2.11361791436273	0.000122214164085773	0.0030394962650508	1
